41, 900
149, 149
221, 221
279, 279
568, 568
650, 650
718, 718
852, 6895
963, 963
1076, 2808
1141, 1141
1302, 1302
1446, 1446
1559, 1559
1770, 1770
1770, 1770
1907, 1907
1968, 1968
2029, 7125
2138, 2138
2152, 2152
2365, 2365
2808, 2808
2845, 2845
2847, 2847
2868, 2868
2903, 2903
2933, 2933
2959, 2959
2971, 2971
3043, 3043
3108, 3108
3368, 3368
3458, 3458
4016, 4016
4613, 4613
5210, 5210
6185, 7467
6199, 6199
6247, 6247
6381, 6381
6687, 6687
6833, 6833
6903, 6907
6906, 6906
6925, 6925
7115, 7115
7218, 7218
7421, 7421
7467, 7467
7522, 7522
7529, 7529
7553, 7553
7579, 7579
7604, 7604
7619, 7619
7648, 7648
7844, 7844
8127, 8127
8291, 8291
8725, 8725
8941, 8941
9548, 824
10208, 10208
10238, 5700
10428, 10428
10852, 10852
10947, 10947
11333, 11333
11530, 11530
11592, 11592
11756, 11756
12043, 12043
13039, 13039
13176, 13176
13297, 13297
13591, 13591
13853, 13853
15018, 15018
16118, 16118
17076, 17076
17453, 17453
18398, 18398
19440, 19440
20599, 20599
22955, 22955
23796, 23796
26004, 26004
26755, 26755
29561, 29561
31068, 31068
33732, 33732
35752, 35752
36697, 36697
42319, 42319
49030, 49030
41, 41
149, 149
221, 221
279, 279
568, 568
650, 650
718, 718
852, 1875
963, 963
1076, 1076
1141, 1141
1302, 1302
1446, 1446
1559, 1559
1770, 1770
1771, 1771
1907, 1907
1968, 1968
2059, 7529
2138, 2138
2152, 2152
2365, 2365
2808, 2808
2845, 2845
2847, 2847
2868, 2868
2932, 2932
2933, 2933
2959, 2959
2971, 2971
3043, 3043
3108, 3108
3368, 7619
3711, 3711
4016, 4016
4613, 4613
5375, 5375
6185, 6185
6199, 6199
6269, 6269
6381, 6381
6687, 6687
6847, 6847
6903, 2808
6906, 29854
6925, 6925
7115, 7115
7218, 7218
7421, 7421
7522, 7522
7523, 7523
7530, 7530
7553, 7553
7579, 7579
7604, 7604
7619, 7619
7648, 7648
7844, 7844
8127, 8127
8549, 8549
8725, 8725
8941, 8941
9548, 20599
10208, 10208
10238, 10238
10537, 10537
10852, 10852
10947, 10947
11361, 11361
11530, 11530
11592, 11592
11756, 11756
12043, 12043
13039, 13039
13220, 13220
13297, 13297
13591, 13591
13853, 13853
15018, 15018
16118, 16118
17076, 17076
17672, 17672
18432, 18432
19440, 19440
20599, 20599
22955, 22955
23796, 23796
26004, 26004
26755, 26755
29561, 29561
31068, 31068
33732, 33732
35752, 35752
36697, 36697
42319, 42319
51783, 51783
41, 41
149, 149
221, 221
279, 279
568, 568
650, 851
718, 718
852, 852
963, 963
1076, 1076
1141, 1141
1302, 1302
1446, 1446
1559, 1559
1770, 1770
1771, 1771
1907, 6208
1968, 1968
2059, 2059
2138, 1771
2152, 2152
2365, 2365
2808, 2808
2845, 2845
2857, 7226
2868, 12900
2932, 2932
2933, 2933
2959, 2959
2971, 2971
3043, 3043
3108, 3108
3401, 3401
3711, 3711
4016, 4016
4613, 3402
5375, 5375
6185, 6185
6199, 6199
6269, 5589
6612, 6612
6687, 6687
6847, 6847
6903, 6903
6907, 6907
6933, 1076
7115, 7115
7218, 7218
7421, 7421
7522, 7522
7523, 7523
7530, 7530
7557, 7557
7579, 7579
7604, 20599
7619, 7619
7648, 7648
7844, 7844
8231, 8231
8549, 8549
8725, 8725
8941, 8941
9548, 9548
10208, 10208
10238, 10238
10537, 10537
10852, 10852
10947, 10947
11361, 11361
11530, 11530
11592, 11592
11765, 11765
12815, 12815
13039, 13039
13220, 13220
13297, 13297
13591, 13591
13853, 13853
15018, 15018
16118, 16118
17076, 17076
17672, 17672
18432, 18432
19440, 19440
20599, 20599
23351, 23351
23796, 23796
26066, 26066
26755, 26755
29561, 29561
31068, 31068
33732, 33732
35752, 35752
36697, 36697
42319, 42319
51783, 51783
43, 43
149, 149
221, 221
279, 10333
568, 568
650, 650
718, 718
852, 852
1075, 1075
1094, 1094
1141, 1141
1302, 1302
1497, 1497
1559, 1559
1770, 1770
1771, 1771
1912, 1912
1968, 7618
2059, 2059
2138, 2138
2189, 2189
2365, 2365
2824, 2824
2845, 2845
2857, 2857
2868, 2868
2932, 2932
2933, 2933
2959, 2959
2971, 2971
3044, 3044
3108, 3108
3401, 3401
3730, 3730
4041, 4041
4613, 4613
5589, 5589
6185, 6185
6199, 6199
6269, 6269
6612, 6612
6687, 6687
6847, 6847
6906, 6906
6907, 6907
6933, 6933
7115, 7115
7226, 7226
7421, 7421
7522, 7522
7523, 7523
7530, 7530
7557, 7557
7579, 7579
7604, 7604
7632, 7632
7648, 7648
7844, 7844
8231, 8231
8549, 8549
8748, 8748
8941, 8941
9566, 9566
10208, 10208
10271, 10271
10537, 10537
10889, 10889
10947, 10947
11361, 11361
11530, 11530
11592, 11592
11765, 11765
12815, 12815
13119, 13119
13220, 13220
13297, 13297
13591, 13591
13853, 13853
15018, 15018
16586, 16586
17213, 17213
17672, 17672
18841, 18841
19440, 19440
21586, 21586
23351, 23351
23796, 23796
26066, 26066
26998, 26998
29598, 29598
31068, 31068
34007, 34007
35752, 35752
36697, 36697
42599, 42599
54164, 54164
43, 43
149, 149
221, 221
279, 6895
568, 568
662, 662
818, 818
852, 2808
1075, 1075
1094, 1094
1141, 1141
1302, 1302
1497, 1497
1769, 1769
1770, 1770
1771, 1771
1912, 1912
2005, 14196
2134, 2134
2138, 2138
2189, 2189
2399, 2399
2824, 2824
2845, 6269
2857, 2857
2868, 2868
2932, 2932
2933, 2933
2959, 2959
2971, 2971
3044, 3044
3147, 3147
3401, 3401
3730, 3730
4041, 4041
4613, 4613
5589, 5589
6185, 6185
6199, 7522
6269, 6269
6612, 6612
6687, 6687
6895, 6895
6906, 6906
6907, 6907
6933, 6933
7115, 7115
7226, 7226
7424, 7424
7522, 7522
7523, 7523
7530, 7530
7557, 7557
7579, 7579
7604, 7604
7632, 7632
7648, 7648
7844, 7844
8231, 8231
8549, 8549
8748, 8748
8941, 8941
9566, 9566
10208, 10208
10271, 10271
10557, 10557
10889, 10889
11271, 11271
11361, 11361
11549, 11549
11592, 11592
11765, 11765
12882, 12882
13119, 13119
13220, 13220
13297, 13297
13591, 13591
13916, 13916
15018, 15018
16586, 16586
17213, 17213
17672, 17672
18841, 18841
19440, 19440
21586, 21586
23351, 23351
23796, 23796
26208, 26208
26998, 26998
29598, 29598
31068, 31068
34007, 34007
35752, 35752
36697, 36697
42599, 42599
54164, 54164
43, 43
149, 149
224, 7522
299, 299
568, 568
662, 662
818, 818
878, 878
1075, 1075
1094, 1094
1141, 1141
1302, 1302
1497, 1497
1769, 1769
1770, 1770
1771, 1771
1912, 1912
2005, 2005
2134, 2134
2138, 2138
2191, 2191
2399, 2399
2824, 2824
2845, 2845
2865, 8724
2874, 2874
2932, 2932
2933, 2933
2959, 2959
2971, 2971
3061, 3061
3147, 3147
3402, 3402
3730, 3730
4041, 4041
4613, 4613
5626, 5626
6185, 6185
6199, 6199
6269, 6269
6612, 6612
6793, 6793
6895, 6895
6906, 6906
6907, 6907
6933, 6933
7115, 7115
7363, 7363
7424, 7557
7522, 7522
7523, 7523
7530, 7530
7557, 7557
7579, 7579
7613, 7613
7632, 7632
7723, 7723
7844, 7844
8231, 8231
8549, 8549
8794, 8794
9103, 9103
9566, 9566
10208, 10208
10333, 10333
10557, 2808
10902, 10902
11271, 11271
11527, 11527
11549, 11549
11595, 11595
11841, 11841
12882, 12882
13119, 13119
13288, 13288
13297, 13297
13591, 13591
13916, 13916
15310, 15310
16586, 16586
17213, 17213
17793, 17793
18841, 18841
19440, 19440
21699, 21699
23351, 23351
24244, 29673
26208, 26208
26998, 26998
29673, 29673
31068, 31068
34478, 7115
35752, 35752
37293, 37293
45216, 45216
54164, 54164
146, 146
149, 149
224, 2152
299, 299
568, 568
662, 662
818, 149
878, 878
1075, 6208
1094, 1094
1141, 1141
1302, 1302
1497, 1497
1769, 1769
1770, 1770
1771, 1771
1912, 1912
2005, 14196
2134, 6687
2138, 2138
2191, 5210
2807, 2807
2824, 2824
2845, 2845
2865, 8724
2874, 2874
2932, 2932
2933, 2933
2959, 2959
2971, 2971
3061, 3061
3362, 3362
3402, 3402
3730, 3730
4041, 4041
4613, 4613
5626, 5626
6185, 6185
6205, 6205
6269, 6269
6612, 6612
6793, 6793
6895, 6895
6906, 6906
6907, 1875
6955, 6955
7115, 7115
7363, 7363
7424, 1907
7522, 7522
7523, 7523
7530, 7530
7557, 7557
7579, 7579
7613, 7613
7632, 7632
7723, 7723
7844, 7844
8267, 8267
8549, 8549
8794, 8794
9103, 9103
9566, 9566
10208, 10208
10333, 10333
10557, 10557
10902, 10902
11300, 11300
11527, 11527
11549, 11549
11595, 11595
11841, 11841
12900, 12900
13130, 13130
13288, 13288
13297, 13297
13591, 13591
13916, 8067
15310, 15310
16751, 16751
17213, 17213
17793, 17793
18841, 18841
19440, 19440
21699, 21699
23351, 23351
24244, 24244
26208, 26208
27250, 2847
29673, 29673
32046, 32046
34478, 224
36545, 8907
37293, 37293
45216, 45216
146, 146
149, 149
224, 7522
299, 299
568, 568
662, 662
824, 17065
878, 878
1075, 1075
1094, 1094
1170, 1095
1302, 1302
1497, 1497
1769, 1769
1770, 1770
1771, 1771
1912, 1912
2005, 2005
2134, 2134
2138, 2138
2208, 2208
2807, 2807
2829, 2829
2845, 7125
2865, 2865
2874, 2874
2932, 2932
2933, 2933
2959, 2959
2971, 2971
3061, 3061
3362, 3362
3402, 3402
3810, 3810
4041, 4041
4613, 4613
5700, 5700
6185, 6185
6205, 6205
6269, 2029
6612, 6612
6793, 6793
6895, 6895
6906, 6906
6907, 6907
6955, 6955
7115, 7115
7363, 7363
7427, 7427
7522, 7522
7523, 7523
7530, 7530
7557, 7557
7579, 7579
7613, 7613
7632, 7632
7741, 7741
7844, 7844
8267, 8267
8724, 8724
8907, 11592
9129, 9129
9566, 9566
10238, 10238
10333, 10333
10557, 6907
10947, 10947
11300, 11300
11527, 11527
11549, 11549
11692, 11692
11931, 11931
12900, 12900
13130, 13130
13288, 13288
13297, 13297
13617, 13617
14196, 14196
15310, 15310
16751, 16751
17213, 17213
17793, 17793
18841, 18841
19930, 19930
21699, 21699
23351, 23351
24244, 24244
26208, 26208
27250, 2847
29854, 568
32046, 32046
35566, 35566
36545, 7522
37293, 37293
45216, 45216
146, 146
149, 20599
264, 264
299, 299
570, 41
686, 686
824, 7529
878, 878
1076, 1076
1095, 8794
1170, 1095
1302, 1302
1497, 1497
1769, 1769
1770, 1770
1875, 1076
1912, 1912
2005, 2005
2134, 2134
2138, 2138
2208, 2208
2807, 2807
2829, 2829
2845, 851
2865, 2865
2874, 2874
2932, 8267
2941, 2941
2959, 2959
2971, 2971
3108, 3108
3362, 3362
3402, 3402
3810, 3810
4544, 4544
4613, 4613
5700, 5700
6185, 6185
6205, 6205
6290, 6290
6612, 6612
6793, 6793
6895, 6895
6906, 6906
6907, 2829
6955, 6955
7115, 7115
7363, 7226
7427, 7427
7522, 7522
7523, 7523
7553, 7553
7557, 7557
7579, 7579
7613, 7613
7632, 7632
7741, 7741
7927, 7927
8267, 8267
8724, 8724
8907, 8907
9129, 9129
9566, 568
10238, 10238
10333, 10333
10587, 10587
10947, 10947
11300, 11300
11527, 11527
11549, 11549
11692, 11692
11931, 11931
12900, 12900
13130, 13130
13288, 13288
13297, 13297
13617, 13617
14196, 14196
16118, 16118
16751, 16751
17213, 17213
17793, 17793
18841, 18841
19930, 19930
21699, 21699
23796, 23796
24244, 24244
26295, 26295
27534, 27534
29854, 568
32046, 32046
35566, 35566
36545, 36545
38768, 38768
45216, 45216
146, 146
190, 190
264, 264
299, 299
570, 900
686, 686
851, 851
878, 149
1076, 1076
1095, 8794
1170, 8794
1302, 1302
1497, 1497
1769, 1769
1770, 1770
1875, 1875
1912, 1912
2005, 14196
2134, 2134
2138, 2138
2208, 2208
2807, 6247
2829, 10557
2845, 2845
2865, 8724
2874, 2874
2932, 2932
2941, 2941
2959, 2959
2978, 2978
3108, 3108
3362, 3362
3402, 7419
3841, 3841
4544, 4544
4613, 4613
5700, 5700
6185, 6185
6208, 6208
6290, 6290
6612, 6612
6793, 6793
6895, 2808
6906, 6906
6907, 6907
6955, 6955
7125, 7125
7419, 7419
7427, 7427
7522, 7522
7523, 7523
7553, 7553
7557, 7557
7604, 7604
7613, 7613
7632, 7632
7741, 7741
7927, 7927
8267, 8267
8724, 8724
8907, 8907
9240, 33575
9566, 9566
10238, 10238
10333, 10333
10587, 10587
10947, 10947
11300, 11300
11527, 11527
11549, 11549
11692, 11595
11931, 11931
12900, 12900
13130, 2152
13288, 13288
13297, 13297
13617, 13617
14196, 14196
16118, 16118
16751, 16751
17213, 17213
18243, 18243
18841, 18841
19930, 19930
22121, 22121
23796, 23796
24707, 24707
26295, 26295
27534, 27534
29854, 568
32046, 32046
35566, 35566
36545, 13130
38768, 38768
45216, 45216
146, 146
190, 190
264, 11581
299, 299
623, 623
686, 686
851, 851
900, 900
1076, 1076
1095, 1095
1170, 1170
1446, 1446
1497, 1497
1769, 1769
1770, 1770
1875, 1875
1939, 1939
2005, 2005
2134, 2134
2138, 2138
2208, 2208
2808, 2808
2829, 2829
2845, 2845
2865, 2865
2874, 10617
2932, 2932
2941, 2941
2959, 2959
2978, 2978
3108, 3108
3362, 3362
3402, 1770
3841, 3841
4544, 19930
4613, 4613
5700, 11743
6185, 6185
6208, 6208
6290, 6290
6612, 6612
6833, 6833
6895, 6895
6906, 6906
6907, 6907
6955, 6955
7125, 7125
7419, 7419
7450, 7450
7522, 7522
7523, 7523
7553, 7553
7557, 7557
7604, 7604
7613, 7613
7632, 7632
7741, 7741
7927, 1497
8267, 8267
8724, 8724
8907, 8907
9240, 9240
9566, 9566
10238, 10238
10333, 10333
10587, 10587
10947, 10947
11300, 11300
11530, 11530
11581, 11581
11692, 11530
11931, 11931
12900, 12900
13130, 7522
13288, 13288
13297, 13297
13617, 13617
14196, 2005
16118, 16118
16821, 16821
17227, 17227
18243, 18243
18841, 18841
20249, 20249
22121, 22121
23796, 23796
24707, 24707
26295, 26295
27534, 27534
30186, 30186
32046, 32046
35566, 35566
36555, 824
38768, 38768
47920, 47920
146, 146
190, 190
264, 11581
299, 299
623, 623
686, 686
851, 851
900, 900
1076, 1076
1095, 1095
1240, 1240
1446, 1446
1497, 1497
1769, 1769
1770, 1770
1875, 1875
1939, 1939
2005, 2005
2134, 2134
2138, 2138
2208, 2365
2808, 2808
2829, 2829
2847, 2847
2865, 8724
2874, 2874
2932, 264
2941, 2941
2959, 2959
2994, 2994
3108, 3108
3362, 3362
3402, 3402
3841, 3841
4544, 4544
4613, 4613
6169, 6169
6185, 6185
6208, 6208
6290, 6290
6612, 6612
6833, 11996
6895, 2808
6906, 6906
6907, 6907
7108, 7108
7125, 7125
7419, 7419
7450, 7450
7522, 7522
7523, 7523
7553, 7553
7557, 7557
7604, 7604
7618, 7618
7632, 7632
7741, 7741
7927, 1497
8267, 8267
8724, 2865
8921, 8921
9240, 9240
9906, 9906
10238, 10238
10333, 10333
10617, 10617
10947, 10947
11300, 11300
11530, 11530
11581, 11581
11692, 11595
11931, 11931
12900, 12900
13176, 13176
13288, 13288
13355, 13355
13617, 13617
14356, 14356
16118, 16118
16821, 16821
17227, 17227
18243, 18243
18841, 18841
20249, 20249
22705, 22705
23796, 23796
24707, 24707
26408, 26408
27534, 27534
30186, 30186
32046, 32046
35566, 35566
36555, 5375
38768, 38768
47920, 47920
146, 146
221, 221
264, 11581
321, 321
623, 623
686, 686
851, 851
900, 900
1076, 2808
1095, 1095
1240, 1240
1446, 1446
1513, 1513
1769, 1769
1770, 1770
1875, 1875
1952, 1952
2005, 14196
2134, 2134
2138, 2138
2276, 2191
2808, 2808
2829, 2829
2847, 2847
2865, 2865
2874, 10617
2933, 2933
2941, 2941
2959, 2959
2994, 2994
3108, 3108
3362, 3362
3410, 3410
3841, 3841
4570, 4570
5210, 5210
6169, 6169
6185, 6185
6208, 6208
6290, 6290
6687, 6687
6833, 11996
6895, 6895
6906, 6906
6907, 1076
7108, 7108
7125, 1968
7419, 7419
7464, 7464
7522, 7522
7528, 7528
7553, 7553
7579, 7579
7604, 7604
7618, 7618
7632, 7632
7788, 7788
8067, 8067
8268, 8268
8725, 8725
8921, 878
9311, 4613
9906, 9906
10238, 10238
10333, 10333
10617, 10617
10947, 10947
11300, 11300
11530, 11530
11587, 11587
11692, 11692
11996, 6833
12900, 12900
13176, 13176
13288, 13288
13355, 13355
13617, 13617
14356, 14356
16118, 16118
17065, 17065
17372, 17372
18243, 18243
18841, 18841
20599, 20599
22705, 22705
23796, 23796
24707, 24707
26408, 26408
27534, 27534
30186, 30186
33575, 33575
35566, 35566
36555, 1770
38768, 38768
49030, 49030
146, 146
221, 221
279, 279
321, 321
623, 623
686, 686
851, 851
963, 963
1076, 1076
1095, 1095
1240, 1240
1446, 1446
1513, 568
1769, 1769
1770, 1770
1892, 1892
1952, 1952
2029, 2029
2134, 2134
2147, 2147
2276, 2276
2808, 2808
2829, 2829
2847, 2847
2865, 8724
2903, 2903
2933, 2933
2941, 2941
2959, 2959
2994, 2994
3108, 3108
3362, 3362
3410, 3410
3841, 3841
4570, 4570
5210, 5210
6169, 6169
6185, 6185
6208, 6208
6290, 6290
6687, 6687
6833, 6833
6903, 2808
6906, 6906
6907, 6907
7108, 7108
7125, 7125
7419, 7363
7464, 7464
7522, 224
7528, 7528
7553, 7553
7579, 7579
7604, 7604
7618, 7618
7632, 7632
7788, 7788
8067, 8067
8268, 8268
8725, 8725
8941, 8941
9311, 4613
9906, 9906
10238, 10238
10333, 10333
10617, 10617
10947, 10947
11300, 11300
11530, 11530
11587, 11587
11743, 11743
11996, 1952
12900, 12900
13176, 13176
13288, 13288
13583, 13583
13679, 13679
14356, 14356
16118, 16118
17065, 17065
17372, 17372
18398, 18398
18841, 18841
20599, 20599
22705, 22705
23796, 23796
26004, 26004
26408, 10889
27534, 27534
30623, 30623
33575, 33575
35566, 35566
36660, 36660
41378, 41378
49030, 49030
146, 6208
221, 221
279, 279
568, 568
623, 623
686, 686
851, 851
963, 1170
1076, 1076
1095, 1095
1240, 1240
1446, 1446
1559, 1559
1769, 1769
1770, 1770
1892, 1892
1968, 1968
2029, 2029
2138, 2138
2147, 2147
2365, 2365
2808, 2808
2845, 2845
2847, 2847
2868, 2868
2903, 2903
2933, 2933
2959, 2959
2967, 2967
2994, 2994
3108, 3108
3362, 3362
3458, 12043
3841, 3841
4570, 4570
5210, 5210
6169, 6169
6185, 6185
6208, 6208
6290, 6290
6687, 6687
6833, 6833
6903, 6903
6906, 6906
6925, 6925
7108, 7108
7217, 7217
7419, 7419
7464, 7464
7522, 7522
7529, 7529
7553, 7553
7579, 7579
7604, 7604
7619, 7619
7648, 7648
7844, 7844
8127, 8127
8268, 8268
8725, 8725
8941, 8941
9548, 9548
9912, 9912
10238, 10238
10428, 10428
10617, 6907
10947, 10947
11333, 11333
11530, 11530
11587, 11587
11743, 11765
11996, 11996
12900, 12900
13176, 13176
13288, 13288
13583, 13583
13679, 13679
15018, 15018
16118, 16118
17076, 17076
17453, 17453
18398, 18398
18841, 18841
20599, 5375
22820, 22820
23796, 23796
26004, 26004
26755, 26755
27534, 27534
30623, 30623
33732, 33732
35566, 35566
36660, 36660
41378, 41378
49030, 49030
149, 818
221, 221
279, 279
568, 568
623, 623
686, 7108
852, 852
963, 963
1076, 1875
1141, 1141
1240, 1240
1446, 1076
1559, 1559
1770, 1770
1770, 1770
1892, 1892
1968, 1968
2029, 7125
2138, 2138
2147, 2147
2365, 2365
2808, 1076
2845, 2845
2847, 2847
2868, 2868
2903, 2903
2933, 2933
2959, 2959
2967, 2967
3043, 3043
3108, 3108
3368, 3368
3458, 4613
3841, 3841
4570, 4570
5210, 5210
6169, 6169
6185, 6185
6247, 8067
6381, 1939
6687, 6687
6833, 6833
6903, 2808
6906, 29854
6925, 6925
7108, 7108
7217, 7217
7421, 7421
7467, 7467
7522, 13130
7529, 7529
7553, 7553
7579, 7579
7604, 7604
7619, 7619
7648, 7648
7844, 7844
8127, 8127
8291, 8291
8725, 8725
8941, 8941
9548, 9548
9912, 9912
10238, 10238
10428, 10428
10617, 10617
10947, 10947
11333, 11333
11530, 11530
11592, 11592
11756, 11756
12043, 12043
12900, 12900
13176, 13176
13288, 13288
13591, 13591
13679, 13679
15018, 15018
16118, 16118
17076, 17076
17453, 17453
18398, 4544
18841, 18841
20599, 20599
22820, 22820
23796, 23796
26004, 26004
26755, 26755
27534, 146
30623, 30623
33732, 33732
35566, 35566
36697, 36697
41378, 41378
49030, 49030
