Starting running similarity analysis 
Configurations:
	Base directory:	      /home/wzalewski/ferrero/thesis/cv//datasets/foursquare/run3//
	Results directory:	  /home/wzalewski/ferrero/thesis/cv//results/foursquare/run3//
	Allowed Threads:        16
	Similarity Measure:     edr


Starting...

   3% # /"[30.0, 0.0, 0.0, 0.0, 0.5, 0.0]", 0.3, 0.5046875

   7% ### -"[30.0, 0.0, 0.0, 0.0, 1.0, 0.0]", 0.28125, 0.496875

  11% ##### \"[30.0, 0.0, 0.0, 0.0, 1.5, 0.0]", 0.28125, 0.49375

  14% ####### |"[30.0, 0.0, 0.0, 1.0, 0.5, 0.0]", 0.3, 0.49375

  18% ######### /"[30.0, 0.0, 0.0, 1.0, 1.0, 0.0]", 0.28125, 0.496875

  22% ########### -"[30.0, 0.0, 0.0, 1.0, 1.5, 0.0]", 0.2796875, 0.4734375

  25% ############ \"[30.0, 0.0, 0.0, 2.0, 0.5, 0.0]", 0.2984375, 0.490625

  29% ############## |"[30.0, 0.0, 0.0, 2.0, 1.0, 0.0]", 0.2796875, 0.496875

  33% ################ /"[30.0, 0.0, 0.0, 2.0, 1.5, 0.0]", 0.2765625, 0.475

  37% ################## -"[60.0, 0.0, 0.0, 0.0, 0.5, 0.0]", 0.315625, 0.546875

  40% #################### \"[60.0, 0.0, 0.0, 0.0, 1.0, 0.0]", 0.3046875, 0.5234375

  44% ###################### |"[60.0, 0.0, 0.0, 0.0, 1.5, 0.0]", 0.2953125, 0.5109375

  48% ######################## /"[60.0, 0.0, 0.0, 1.0, 0.5, 0.0]", 0.31875, 0.540625

  51% ######################### -"[60.0, 0.0, 0.0, 1.0, 1.0, 0.0]", 0.3109375, 0.53125

  55% ########################### \"[60.0, 0.0, 0.0, 1.0, 1.5, 0.0]", 0.2984375, 0.503125

  59% ############################# |"[60.0, 0.0, 0.0, 2.0, 0.5, 0.0]", 0.315625, 0.534375

  62% ############################### /"[60.0, 0.0, 0.0, 2.0, 1.0, 0.0]", 0.309375, 0.53125

  66% ################################# -"[60.0, 0.0, 0.0, 2.0, 1.5, 0.0]", 0.2984375, 0.4984375

  70% ################################### \"[90.0, 0.0, 0.0, 0.0, 0.5, 0.0]", 0.3140625, 0.553125

  74% ##################################### |"[90.0, 0.0, 0.0, 0.0, 1.0, 0.0]", 0.3015625, 0.5328125

  77% ###################################### /"[90.0, 0.0, 0.0, 0.0, 1.5, 0.0]", 0.2921875, 0.5296875

  81% ######################################## -"[90.0, 0.0, 0.0, 1.0, 0.5, 0.0]", 0.309375, 0.540625

  85% ########################################## \"[90.0, 0.0, 0.0, 1.0, 1.0, 0.0]", 0.2984375, 0.528125

  88% ############################################ |"[90.0, 0.0, 0.0, 1.0, 1.5, 0.0]", 0.290625, 0.5125

  92% ############################################## /"[90.0, 0.0, 0.0, 2.0, 0.5, 0.0]", 0.30625, 0.534375

  96% ################################################ -"[90.0, 0.0, 0.0, 2.0, 1.0, 0.0]", 0.296875, 0.5265625

 100% ################################################## \
"[90.0, 0.0, 0.0, 2.0, 1.5, 0.0]", 0.2890625, 0.5109375

 103% ################################################### |"[30.0, 0.0, 0.0, 0.0, 0.5, 0.0]", 0.3, 0.5046875
"[30.0, 0.0, 0.0, 0.0, 1.0, 0.0]", 0.28125, 0.496875
"[30.0, 0.0, 0.0, 0.0, 1.5, 0.0]", 0.28125, 0.49375
"[30.0, 0.0, 0.0, 1.0, 0.5, 0.0]", 0.3, 0.49375
"[30.0, 0.0, 0.0, 1.0, 1.0, 0.0]", 0.28125, 0.496875
"[30.0, 0.0, 0.0, 1.0, 1.5, 0.0]", 0.2796875, 0.4734375
"[30.0, 0.0, 0.0, 2.0, 0.5, 0.0]", 0.2984375, 0.490625
"[30.0, 0.0, 0.0, 2.0, 1.0, 0.0]", 0.2796875, 0.496875
"[30.0, 0.0, 0.0, 2.0, 1.5, 0.0]", 0.2765625, 0.475
"[60.0, 0.0, 0.0, 0.0, 0.5, 0.0]", 0.315625, 0.546875
"[60.0, 0.0, 0.0, 0.0, 1.0, 0.0]", 0.3046875, 0.5234375
"[60.0, 0.0, 0.0, 0.0, 1.5, 0.0]", 0.2953125, 0.5109375
"[60.0, 0.0, 0.0, 1.0, 0.5, 0.0]", 0.31875, 0.540625
"[60.0, 0.0, 0.0, 1.0, 1.0, 0.0]", 0.3109375, 0.53125
"[60.0, 0.0, 0.0, 1.0, 1.5, 0.0]", 0.2984375, 0.503125
"[60.0, 0.0, 0.0, 2.0, 0.5, 0.0]", 0.315625, 0.534375
"[60.0, 0.0, 0.0, 2.0, 1.0, 0.0]", 0.309375, 0.53125
"[60.0, 0.0, 0.0, 2.0, 1.5, 0.0]", 0.2984375, 0.4984375
"[90.0, 0.0, 0.0, 0.0, 0.5, 0.0]", 0.3140625, 0.553125
"[90.0, 0.0, 0.0, 0.0, 1.0, 0.0]", 0.3015625, 0.5328125
"[90.0, 0.0, 0.0, 0.0, 1.5, 0.0]", 0.2921875, 0.5296875
"[90.0, 0.0, 0.0, 1.0, 0.5, 0.0]", 0.309375, 0.540625
"[90.0, 0.0, 0.0, 1.0, 1.0, 0.0]", 0.2984375, 0.528125
"[90.0, 0.0, 0.0, 1.0, 1.5, 0.0]", 0.290625, 0.5125
"[90.0, 0.0, 0.0, 2.0, 0.5, 0.0]", 0.30625, 0.534375
"[90.0, 0.0, 0.0, 2.0, 1.0, 0.0]", 0.296875, 0.5265625
"[90.0, 0.0, 0.0, 2.0, 1.5, 0.0]", 0.2890625, 0.5109375
