Starting running similarity analysis 
Configurations:
	Base directory:	      /home/wzalewski/ferrero/thesis/cv//datasets/foursquare/run3//
	Results directory:	  /home/wzalewski/ferrero/thesis/cv//results/foursquare/run3//
	Allowed Threads:        16
	Similarity Measure:     lcss


Starting...

   3% # /"[30.0, 0.0, 0.0, 0.0, 0.5, 0.0]", 0.465625, 0.68125

   7% ### -"[30.0, 0.0, 0.0, 0.0, 1.0, 0.0]", 0.4578125, 0.68125

  11% ##### \"[30.0, 0.0, 0.0, 0.0, 1.5, 0.0]", 0.453125, 0.6765625

  14% ####### |"[30.0, 0.0, 0.0, 1.0, 0.5, 0.0]", 0.465625, 0.6828125

  18% ######### /"[30.0, 0.0, 0.0, 1.0, 1.0, 0.0]", 0.45625, 0.6796875

  22% ########### -"[30.0, 0.0, 0.0, 1.0, 1.5, 0.0]", 0.453125, 0.6765625

  25% ############ \"[30.0, 0.0, 0.0, 2.0, 0.5, 0.0]", 0.465625, 0.6828125

  29% ############## |"[30.0, 0.0, 0.0, 2.0, 1.0, 0.0]", 0.45625, 0.6796875

  33% ################ /"[30.0, 0.0, 0.0, 2.0, 1.5, 0.0]", 0.453125, 0.678125

  37% ################## -"[60.0, 0.0, 0.0, 0.0, 0.5, 0.0]", 0.4921875, 0.721875

  40% #################### \"[60.0, 0.0, 0.0, 0.0, 1.0, 0.0]", 0.4859375, 0.7109375

  44% ###################### |"[60.0, 0.0, 0.0, 0.0, 1.5, 0.0]", 0.478125, 0.7078125

  48% ######################## /"[60.0, 0.0, 0.0, 1.0, 0.5, 0.0]", 0.490625, 0.721875

  51% ######################### -"[60.0, 0.0, 0.0, 1.0, 1.0, 0.0]", 0.484375, 0.7125

  55% ########################### \"[60.0, 0.0, 0.0, 1.0, 1.5, 0.0]", 0.4765625, 0.7109375

  59% ############################# |"[60.0, 0.0, 0.0, 2.0, 0.5, 0.0]", 0.4890625, 0.721875

  62% ############################### /"[60.0, 0.0, 0.0, 2.0, 1.0, 0.0]", 0.4828125, 0.7125

  66% ################################# -"[60.0, 0.0, 0.0, 2.0, 1.5, 0.0]", 0.4765625, 0.709375

  70% ################################### \"[90.0, 0.0, 0.0, 0.0, 0.5, 0.0]", 0.5078125, 0.7421875

  74% ##################################### |"[90.0, 0.0, 0.0, 0.0, 1.0, 0.0]", 0.503125, 0.746875

  77% ###################################### /"[90.0, 0.0, 0.0, 0.0, 1.5, 0.0]", 0.496875, 0.74375

  81% ######################################## -"[90.0, 0.0, 0.0, 1.0, 0.5, 0.0]", 0.503125, 0.740625

  85% ########################################## \"[90.0, 0.0, 0.0, 1.0, 1.0, 0.0]", 0.503125, 0.746875

  88% ############################################ |"[90.0, 0.0, 0.0, 1.0, 1.5, 0.0]", 0.5, 0.7484375

  92% ############################################## /"[90.0, 0.0, 0.0, 2.0, 0.5, 0.0]", 0.503125, 0.7390625

  96% ################################################ -"[90.0, 0.0, 0.0, 2.0, 1.0, 0.0]", 0.503125, 0.7453125

 100% ################################################## \
"[90.0, 0.0, 0.0, 2.0, 1.5, 0.0]", 0.5, 0.746875

 103% ################################################### |"[30.0, 0.0, 0.0, 0.0, 0.5, 0.0]", 0.465625, 0.68125
"[30.0, 0.0, 0.0, 0.0, 1.0, 0.0]", 0.4578125, 0.68125
"[30.0, 0.0, 0.0, 0.0, 1.5, 0.0]", 0.453125, 0.6765625
"[30.0, 0.0, 0.0, 1.0, 0.5, 0.0]", 0.465625, 0.6828125
"[30.0, 0.0, 0.0, 1.0, 1.0, 0.0]", 0.45625, 0.6796875
"[30.0, 0.0, 0.0, 1.0, 1.5, 0.0]", 0.453125, 0.6765625
"[30.0, 0.0, 0.0, 2.0, 0.5, 0.0]", 0.465625, 0.6828125
"[30.0, 0.0, 0.0, 2.0, 1.0, 0.0]", 0.45625, 0.6796875
"[30.0, 0.0, 0.0, 2.0, 1.5, 0.0]", 0.453125, 0.678125
"[60.0, 0.0, 0.0, 0.0, 0.5, 0.0]", 0.4921875, 0.721875
"[60.0, 0.0, 0.0, 0.0, 1.0, 0.0]", 0.4859375, 0.7109375
"[60.0, 0.0, 0.0, 0.0, 1.5, 0.0]", 0.478125, 0.7078125
"[60.0, 0.0, 0.0, 1.0, 0.5, 0.0]", 0.490625, 0.721875
"[60.0, 0.0, 0.0, 1.0, 1.0, 0.0]", 0.484375, 0.7125
"[60.0, 0.0, 0.0, 1.0, 1.5, 0.0]", 0.4765625, 0.7109375
"[60.0, 0.0, 0.0, 2.0, 0.5, 0.0]", 0.4890625, 0.721875
"[60.0, 0.0, 0.0, 2.0, 1.0, 0.0]", 0.4828125, 0.7125
"[60.0, 0.0, 0.0, 2.0, 1.5, 0.0]", 0.4765625, 0.709375
"[90.0, 0.0, 0.0, 0.0, 0.5, 0.0]", 0.5078125, 0.7421875
"[90.0, 0.0, 0.0, 0.0, 1.0, 0.0]", 0.503125, 0.746875
"[90.0, 0.0, 0.0, 0.0, 1.5, 0.0]", 0.496875, 0.74375
"[90.0, 0.0, 0.0, 1.0, 0.5, 0.0]", 0.503125, 0.740625
"[90.0, 0.0, 0.0, 1.0, 1.0, 0.0]", 0.503125, 0.746875
"[90.0, 0.0, 0.0, 1.0, 1.5, 0.0]", 0.5, 0.7484375
"[90.0, 0.0, 0.0, 2.0, 0.5, 0.0]", 0.503125, 0.7390625
"[90.0, 0.0, 0.0, 2.0, 1.0, 0.0]", 0.503125, 0.7453125
"[90.0, 0.0, 0.0, 2.0, 1.5, 0.0]", 0.5, 0.746875
