41, 900
149, 1094
221, 221
279, 279
321, 321
623, 623
686, 686
851, 851
900, 1170
1076, 1076
1095, 43
1240, 1240
1446, 10557
1497, 1497
1769, 1769
1770, 1770
1875, 1076
1912, 4016
2005, 2005
2134, 2134
2138, 2138
2191, 2191
2399, 2399
2824, 2824
2845, 2845
2857, 2857
2868, 2868
2932, 2932
2933, 2933
2959, 2959
2971, 2971
3043, 3043
3108, 3108
3368, 3368
3458, 11527
3841, 3841
4570, 4570
5210, 5210
6169, 6169
6185, 6185
6208, 146
6290, 6290
6612, 6612
6793, 6793
6895, 6895
6906, 6906
6907, 6907
6933, 6933
7115, 7115
7226, 9240
7421, 7421
7522, 7522
7523, 7523
7529, 7529
7553, 7553
7579, 7579
7604, 7604
7619, 7619
7632, 7632
7788, 7788
7927, 7927
8267, 8267
8724, 2865
8907, 2824
9129, 9129
9566, 9566
10208, 10208
10333, 10333
10557, 279
10902, 10902
11271, 11271
11361, 11361
11530, 11530
11592, 11592
11765, 11765
12043, 12043
13039, 13039
13176, 13176
13288, 13288
13583, 13583
13679, 13679
14356, 14356
16118, 16118
17065, 17065
17227, 17227
17793, 17793
18841, 18841
19930, 19930
21699, 21699
23351, 23351
24244, 24244
26208, 26208
26998, 26998
29598, 29598
31068, 31068
33732, 33732
35752, 35752
36697, 36697
42319, 42319
49030, 49030
41, 900
149, 149
221, 221
279, 279
568, 568
623, 623
686, 686
851, 851
963, 963
1076, 7108
1095, 1095
1240, 1240
1446, 1446
1497, 1497
1769, 1769
1770, 1770
1875, 1875
1912, 1912
2005, 2005
2134, 2134
2138, 2138
2191, 2191
2807, 2807
2824, 2824
2845, 2845
2857, 7226
2868, 11692
2932, 2932
2933, 2933
2959, 2959
2971, 2971
3043, 3043
3108, 3108
3368, 3368
3458, 3458
3841, 3841
4570, 4570
5210, 5210
6169, 6169
6185, 6185
6208, 6208
6290, 6290
6612, 6612
6793, 6793
6895, 6895
6906, 6906
6907, 6907
6933, 6933
7115, 7115
7226, 7226
7421, 7421
7522, 7522
7523, 7523
7530, 7530
7553, 7553
7579, 7579
7604, 7604
7619, 7619
7648, 7648
7844, 7844
8067, 8067
8267, 8267
8724, 2865
8907, 8907
9129, 9129
9566, 9566
10238, 10238
10333, 10333
10557, 10557
10902, 10902
11271, 11271
11361, 11361
11549, 11549
11592, 851
11765, 11765
12815, 12815
13039, 13039
13176, 13176
13297, 13297
13591, 13591
13679, 13679
15018, 15018
16118, 16118
17065, 17065
17227, 17227
18243, 18243
18841, 18841
19930, 19930
21699, 21699
23351, 23351
24244, 24244
26208, 6687
27250, 42319
29673, 29673
31068, 31068
34007, 34007
35752, 35752
36697, 36697
42319, 42319
49030, 49030
41, 41
149, 149
221, 221
279, 279
568, 568
623, 623
686, 686
851, 851
963, 963
1076, 2808
1095, 963
1240, 1240
1446, 1446
1513, 1513
1769, 1769
1770, 1770
1875, 1875
1939, 11841
2005, 2005
2134, 2134
2138, 2138
2208, 2208
2807, 2807
2824, 2824
2845, 2845
2865, 8724
2868, 2138
2932, 2932
2933, 2933
2959, 2959
2971, 2971
3043, 3043
3108, 3108
3368, 3368
3711, 3711
4016, 4016
4570, 4570
5210, 2959
6169, 6169
6185, 6185
6208, 6208
6290, 6290
6612, 6612
6833, 6833
6895, 6895
6906, 6906
6907, 6907
6955, 6955
7115, 7115
7363, 7363
7424, 3108
7522, 7522
7523, 7523
7530, 7530
7553, 7553
7579, 7579
7604, 7604
7619, 7619
7648, 7648
7844, 7844
8067, 8067
8267, 8267
8724, 8724
8907, 8907
9240, 9240
9566, 9566
10238, 10238
10333, 10333
10587, 10587
10947, 10947
11300, 11300
11527, 11527
11549, 11549
11595, 11595
11765, 11765
12815, 12815
13039, 13039
13220, 13220
13297, 13297
13591, 13591
13853, 13853
15018, 15018
16118, 16118
17065, 17065
17227, 17227
18243, 18243
18841, 18841
19930, 36555
22121, 22121
23796, 23796
24244, 24244
26295, 26295
27250, 2152
29673, 29673
31068, 31068
34007, 34007
35752, 35752
36697, 36697
42319, 42319
49030, 49030
43, 43
149, 149
221, 221
279, 10333
568, 568
650, 650
718, 718
852, 1076
963, 963
1076, 2808
1095, 1095
1240, 1240
1446, 2808
1513, 1513
1769, 1769
1770, 1770
1875, 2808
1939, 1939
2005, 2005
2134, 2134
2138, 2138
2208, 2208
2807, 2807
2824, 2824
2845, 2845
2865, 8724
2874, 2874
2932, 2932
2933, 2933
2959, 2959
2971, 2971
3043, 3043
3108, 2967
3401, 3401
3711, 3711
4016, 4016
4613, 4613
5210, 5210
6185, 6185
6185, 6185
6208, 6208
6290, 6290
6687, 6687
6833, 6833
6895, 6895
6906, 6906
6907, 2808
6955, 6955
7115, 7115
7363, 7363
7424, 7557
7522, 7522
7523, 7523
7530, 7530
7553, 7553
7579, 7579
7604, 7604
7619, 7619
7648, 7648
7844, 7844
8067, 8067
8267, 8267
8724, 8724
8907, 224
9240, 9240
9566, 9566
10238, 10238
10333, 10333
10587, 10587
10947, 10947
11300, 11300
11527, 11527
11549, 11549
11595, 11595
11841, 11841
12882, 12882
13039, 13039
13220, 13220
13297, 13297
13591, 13591
13853, 13853
15018, 15018
16118, 16118
17076, 17076
17372, 17372
18243, 18243
18841, 18841
20249, 20249
22121, 22121
23796, 23796
24707, 24707
26295, 26295
27250, 34478
29854, 29854
32046, 32046
34478, 7115
35752, 35752
36697, 36697
42319, 42319
51783, 51783
43, 43
149, 149
221, 221
279, 279
568, 29854
650, 3108
718, 7217
852, 852
963, 963
1076, 1875
1141, 1141
1240, 1240
1446, 1446
1559, 1559
1769, 1769
1770, 1770
1875, 2152
1939, 1939
2005, 2005
2134, 2134
2138, 2138
2208, 2208
2807, 2807
2829, 2829
2845, 2845
2865, 8724
2874, 2874
2932, 2932
2933, 2933
2959, 2959
2971, 2971
3044, 3044
3108, 1513
3401, 3401
3711, 3711
4016, 4016
4613, 4613
5375, 5375
6185, 6185
6199, 6199
6247, 8067
6290, 6290
6687, 6687
6833, 6833
6895, 6895
6906, 6906
6907, 852
6955, 6955
7115, 7115
7363, 2941
7424, 15018
7522, 7522
7523, 7523
7530, 7530
7557, 7557
7579, 7579
7604, 7604
7619, 568
7648, 7648
7844, 7844
8127, 8127
8268, 8268
8724, 2865
8921, 8921
9240, 9240
9906, 9906
10238, 10238
10333, 10333
10587, 10587
10947, 10947
11300, 11300
11527, 11527
11549, 11549
11692, 11692
11841, 11841
12882, 12882
13119, 13119
13220, 13220
13297, 13297
13591, 13591
13853, 13853
15018, 15018
16118, 16118
17076, 17076
17372, 17372
18243, 11530
18841, 18841
20249, 20249
22705, 22705
23796, 23796
24707, 24707
26295, 26295
27534, 27534
29854, 29854
32046, 32046
34478, 34478
35752, 35752
36697, 36697
42599, 42599
51783, 51783
43, 43
149, 149
221, 221
279, 6907
568, 29854
650, 650
718, 718
852, 852
963, 963
1076, 1076
1141, 1141
1240, 1240
1446, 1446
1559, 1559
1769, 1769
1770, 1770
1892, 1892
1952, 1952
2005, 2005
2134, 2134
2138, 2138
2208, 2208
2808, 2808
2829, 6907
2845, 2845
2865, 8724
2874, 2874
2932, 2932
2933, 2933
2959, 2959
2971, 2971
3044, 3044
3147, 3147
3401, 3401
3730, 3730
4041, 4041
4613, 9311
5375, 5375
6185, 6185
6199, 6199
6247, 6247
6381, 6381
6687, 6687
6833, 6833
6895, 10557
6906, 6906
6907, 7108
6955, 6955
7125, 2138
7363, 21699
7427, 7427
7522, 7522
7523, 7523
7530, 7530
7557, 7557
7579, 7579
7604, 7604
7632, 7632
7648, 7648
7844, 7844
8127, 8127
8268, 8268
8725, 8725
8921, 8921
9311, 9311
9906, 9906
10238, 10238
10333, 2808
10617, 10617
10947, 10947
11300, 11300
11527, 11527
11549, 11530
11692, 11692
11931, 11931
12882, 12882
13119, 13119
13220, 13220
13297, 13297
13591, 13591
13853, 13853
15018, 15018
16118, 16118
17076, 17076
17453, 17453
18398, 18398
18841, 18841
20599, 20599
22705, 22705
23796, 23796
24707, 24707
26408, 26408
27534, 27534
29854, 29854
32046, 32046
35566, 35566
36545, 13130
37293, 37293
42599, 42599
54164, 54164
43, 43
149, 149
221, 221
279, 6895
568, 29854
650, 650
718, 718
852, 852
963, 963
1076, 1076
1141, 1141
1302, 1302
1446, 7108
1559, 1559
1770, 4613
1770, 1770
1892, 1892
1952, 1952
2029, 2029
2134, 2134
2138, 2138
2208, 568
2808, 1076
2829, 2829
2845, 2845
2865, 2865
2874, 2874
2932, 2932
2941, 2941
2959, 2959
2971, 2971
3061, 8549
3147, 3147
3402, 3402
3730, 3730
4041, 4041
4613, 26208
5589, 5589
6185, 6185
6199, 6199
6247, 6247
6381, 6381
6687, 6687
6833, 6833
6895, 6895
6906, 6906
6907, 1076
6955, 11592
7125, 7125
7419, 7419
7427, 7427
7522, 7522
7523, 7523
7530, 7530
7557, 7557
7579, 7579
7604, 7522
7632, 7632
7648, 7648
7844, 7844
8127, 8127
8268, 8268
8725, 8725
8941, 8941
9311, 9311
9906, 9906
10238, 10238
10333, 279
10617, 10617
10947, 10947
11300, 11300
11527, 11527
11549, 11549
11692, 36555
11931, 11931
12900, 12900
13119, 13119
13288, 13288
13297, 13297
13591, 13591
13916, 13916
15018, 15018
16118, 16118
17076, 17076
17453, 17453
18398, 18398
18841, 18841
20599, 4613
22705, 22705
23796, 23796
24707, 24707
26408, 26408
27534, 27534
29854, 6906
32046, 32046
35566, 35566
36545, 7522
37293, 37293
45216, 45216
54164, 54164
146, 146
149, 149
221, 221
279, 279
568, 568
662, 662
818, 818
852, 1076
1075, 1075
1076, 1076
1141, 1141
1302, 1302
1446, 1446
1559, 1559
1770, 1770
1770, 1770
1892, 1892
1968, 1968
2029, 7125
2134, 2134
2147, 2147
2276, 2276
2808, 2808
2829, 2829
2845, 2845
2865, 2865
2874, 2874
2932, 2932
2941, 2941
2959, 2959
2971, 2971
3061, 3061
3362, 3362
3402, 3402
3730, 3730
4041, 4041
4613, 4613
5589, 5589
6185, 6185
6199, 6199
6269, 6269
6381, 6381
6687, 6687
6833, 6833
6903, 6907
6906, 6906
6907, 6907
7108, 7108
7125, 7125
7419, 7419
7427, 7427
7522, 7522
7523, 7523
7530, 7530
7557, 7557
7579, 7579
7613, 7613
7632, 7632
7648, 7648
7844, 7844
8127, 8127
8291, 8291
8725, 8725
8941, 8941
9548, 9548
9912, 9912
10238, 10238
10333, 10333
10617, 10617
10947, 10947
11300, 11300
11530, 11530
11581, 11581
11692, 2967
11931, 11931
12900, 12900
13130, 13130
13288, 13288
13297, 13297
13591, 13591
13916, 7844
15018, 15018
16586, 16586
17076, 17076
17453, 17453
18398, 18398
18841, 18841
20599, 20599
22820, 22820
23796, 23796
26004, 26004
26408, 26408
27534, 27534
30186, 30186
32046, 32046
35566, 35566
36545, 2152
37293, 37293
45216, 45216
54164, 54164
146, 146
149, 36555
224, 7522
299, 299
568, 568
662, 662
818, 5375
852, 852
1075, 1075
1094, 1094
1141, 1141
1302, 1302
1446, 1446
1559, 1559
1770, 1770
1771, 1771
1907, 26408
1968, 1968
2029, 2138
2138, 1968
2147, 2147
2276, 4613
2808, 2808
2829, 2829
2847, 2847
2865, 8724
2874, 2874
2932, 2932
2941, 2941
2959, 2959
2978, 2978
3061, 3061
3362, 3362
3402, 3402
3730, 3730
4041, 4041
4613, 4613
5626, 5626
6185, 6185
6199, 6199
6269, 6269
6381, 6381
6687, 6687
6833, 6833
6903, 279
6906, 6906
6925, 6925
7108, 7108
7125, 7125
7419, 7419
7427, 7427
7522, 7522
7523, 7523
7530, 7530
7557, 7557
7579, 7579
7613, 7613
7632, 7632
7723, 7723
7844, 7844
8127, 8127
8291, 8291
8725, 8725
8941, 8941
9548, 9548
9912, 9912
10238, 10238
10428, 10428
10617, 10617
10947, 10947
11300, 11300
11530, 11530
11581, 11581
11692, 11595
11931, 11931
12900, 12900
13130, 13130
13288, 13288
13297, 13297
13591, 13591
13916, 13916
15018, 15018
16586, 16586
17076, 17076
17672, 17672
18398, 18398
18841, 18841
20599, 149
22820, 22820
23796, 23796
26004, 26004
26408, 26408
27534, 27534
30186, 30186
32046, 32046
35566, 35566
36545, 13130
38768, 38768
45216, 45216
146, 146
149, 149
224, 224
299, 299
568, 568
662, 662
818, 818
878, 878
1075, 1075
1094, 1094
1141, 1141
1302, 1302
1497, 1497
1559, 1559
1770, 1770
1771, 1771
1907, 1907
1968, 7125
2029, 2138
2138, 2138
2147, 2147
2365, 2365
2808, 2808
2829, 2829
2847, 2847
2865, 8724
2874, 2874
2932, 2932
2941, 2941
2959, 2959
2978, 2978
3108, 3108
3362, 3362
3402, 3402
3810, 3810
4041, 4041
4613, 7419
5626, 5626
6185, 6185
6199, 6199
6269, 6269
6612, 6612
6687, 6687
6847, 6847
6903, 6907
6906, 6906
6925, 6925
7108, 7108
7125, 7125
7419, 7419
7450, 7450
7522, 7522
7523, 7523
7553, 7553
7557, 7557
7579, 7579
7613, 7613
7632, 7632
7723, 7723
7844, 7844
8231, 8231
8291, 8291
8725, 8725
8941, 8941
9548, 9548
10208, 10208
10238, 10238
10428, 10428
10617, 10617
10947, 10947
11300, 11300
11530, 11530
11587, 11587
11692, 11692
11931, 11931
12900, 12900
13130, 13130
13288, 13288
13297, 13297
13617, 13617
14196, 14196
15310, 15310
16586, 16586
17213, 17213
17672, 17672
18432, 18432
19440, 19440
20599, 20599
22955, 22955
23796, 23796
26004, 26004
26755, 26755
27534, 27534
30186, 30186
33575, 33575
35566, 35566
36555, 1095
38768, 38768
45216, 45216
146, 146
149, 149
224, 36545
299, 299
568, 568
662, 662
824, 824
878, 878
1075, 1075
1094, 1094
1141, 1141
1302, 1302
1497, 1497
1769, 1769
1770, 1770
1771, 1771
1907, 1907
1968, 1968
2059, 2059
2138, 2138
2152, 2152
2365, 2365
2808, 2808
2829, 2829
2847, 2847
2865, 8724
2874, 2874
2933, 2933
2941, 2941
2959, 2959
2994, 2994
3108, 3108
3362, 3362
3402, 3402
3810, 3810
4041, 4041
4613, 4613
5700, 568
6185, 6185
6199, 6199
6269, 6269
6612, 6612
6687, 6687
6847, 6847
6903, 6903
6906, 6906
6925, 6925
7108, 7108
7125, 7125
7419, 7419
7450, 7450
7522, 224
7523, 7523
7553, 7553
7557, 7557
7579, 623
7613, 7613
7632, 7632
7741, 7741
7844, 7844
8231, 8231
8549, 8549
8725, 8725
8941, 8941
9548, 9548
10208, 10208
10238, 10238
10428, 10428
10852, 10852
10947, 10947
11300, 11300
11530, 11530
11587, 11587
11743, 11743
11931, 11931
12900, 2971
13130, 224
13288, 13288
13297, 13297
13617, 13617
14196, 14196
15310, 15310
16751, 16751
17213, 17213
17672, 17672
18432, 18432
19440, 19440
20599, 20599
22955, 22955
23796, 23796
26004, 26004
26755, 26755
27534, 27534
30623, 30623
33575, 33575
35566, 35566
36555, 2276
38768, 38768
45216, 45216
146, 146
190, 190
264, 264
299, 299
570, 963
686, 686
824, 824
878, 878
1075, 1075
1094, 1094
1141, 1141
1302, 1302
1497, 1497
1769, 1769
1770, 1770
1771, 1771
1912, 1912
1968, 1968
2059, 2059
2138, 2138
2152, 2152
2365, 2365
2808, 2808
2845, 2845
2847, 2847
2868, 2868
2903, 2903
2933, 2933
2941, 2941
2959, 2959
2994, 2994
3108, 3108
3362, 3362
3402, 3402
3841, 3841
4544, 4544
4613, 4613
5700, 568
6185, 6185
6205, 6205
6269, 2138
6612, 6612
6687, 6687
6847, 6847
6903, 6903
6906, 6906
6925, 6925
7108, 7108
7217, 7217
7419, 7419
7464, 224
7522, 7522
7528, 7528
7553, 7553
7557, 7557
7604, 7604
7613, 7613
7632, 7632
7741, 7741
7844, 7844
8231, 8231
8549, 8549
8725, 8725
8941, 8941
9548, 9548
10208, 10208
10238, 10238
10537, 10537
10852, 10852
10947, 10947
11333, 11333
11530, 11530
11587, 11587
11743, 149
11996, 11996
12900, 12900
13130, 13130
13288, 13288
13297, 13297
13617, 13617
14196, 14196
15310, 15310
16751, 16751
17213, 17213
17672, 17672
18432, 18432
19440, 19440
20599, 20599
23351, 23351
23796, 23796
26004, 26004
26755, 26755
27534, 7522
30623, 30623
33575, 33575
35566, 35566
36555, 149
38768, 38768
45216, 45216
146, 146
190, 190
264, 264
299, 299
570, 570
686, 686
851, 851
878, 878
1075, 1075
1094, 1094
1170, 8794
1302, 1302
1497, 1497
1769, 1769
1770, 1770
1771, 1771
1912, 1912
1968, 1968
2059, 2059
2138, 2138
2152, 13130
2365, 2365
2808, 2808
2845, 2845
2847, 2847
2868, 2868
2903, 2903
2933, 2933
2941, 2941
2959, 2959
2994, 2994
3108, 3108
3362, 3362
3402, 3402
3841, 3841
4544, 4544
4613, 4613
5700, 5700
6185, 6185
6205, 6205
6269, 6269
6612, 6612
6687, 6687
6847, 6847
6903, 6907
6907, 6907
6925, 6925
7115, 7115
7217, 7217
7419, 7419
7464, 7464
7522, 224
7528, 7528
7553, 7553
7557, 7557
7604, 7604
7613, 7613
7632, 7632
7741, 7741
7927, 12815
8231, 8231
8549, 8549
8748, 8748
8941, 8941
9566, 9566
10208, 10208
10238, 10238
10537, 10537
10852, 10852
10947, 10947
11333, 11333
11530, 11530
11592, 11592
11756, 11756
11996, 6833
12900, 12900
13176, 13176
13288, 13288
13297, 13297
13617, 13617
14196, 14196
16118, 16118
16751, 16751
17213, 17213
17672, 17672
18841, 18841
19440, 19440
21586, 21586
23351, 23351
23796, 23796
26066, 26066
26755, 26755
29561, 29561
30623, 30623
33732, 33732
35566, 35566
36555, 22121
38768, 38768
47920, 47920
146, 146
190, 190
264, 264
299, 299
623, 623
686, 686
851, 8907
878, 878
1076, 10333
1095, 1095
1170, 1170
1302, 1302
1497, 1497
1769, 1769
1770, 1770
1771, 2138
1912, 1912
2005, 1075
2134, 2134
2138, 2138
2189, 3402
2365, 2365
2808, 2808
2845, 2845
2847, 2847
2868, 2868
2903, 2903
2933, 2933
2959, 2959
2967, 2967
2994, 2994
3108, 3108
3362, 3362
3410, 3410
3841, 3841
4544, 4544
4613, 4613
5700, 5700
6185, 6185
6205, 6205
6269, 2138
6612, 6612
6793, 6793
6895, 6895
6906, 6906
6907, 6907
6933, 6933
7115, 7115
7218, 7218
7421, 7421
7464, 7464
7522, 224
7528, 7528
7553, 7553
7557, 7557
7604, 7604
7618, 1968
7632, 7632
7741, 7741
7927, 7927
8231, 8231
8549, 8549
8748, 8748
8941, 8941
9566, 9566
10208, 10208
10271, 10271
10537, 10537
10889, 568
10947, 10947
11333, 11333
11530, 11530
11592, 11592
11756, 11756
11996, 6833
12900, 12900
13176, 13176
13288, 13288
13355, 13355
13617, 13617
14356, 14356
16118, 16118
16751, 16751
17213, 17213
17793, 17793
18841, 18841
19440, 19440
21586, 21586
23351, 23351
23796, 23796
26066, 26066
26755, 26755
29561, 29561
31068, 31068
33732, 33732
35566, 35566
36660, 36660
41378, 41378
47920, 47920
146, 146
221, 26004
264, 13583
299, 299
623, 623
686, 686
851, 851
900, 900
1076, 1076
1095, 1095
1170, 1170
1302, 1302
1497, 1497
1769, 1769
1770, 1770
1771, 1771
1912, 1912
2005, 2005
2134, 2134
2138, 2138
2189, 2189
2365, 2365
2808, 1076
2845, 2845
2847, 2847
2868, 2868
2903, 2903
2933, 2933
2959, 2959
2967, 2967
2994, 2994
3108, 3108
3362, 3362
3410, 3410
3841, 3841
4544, 4544
4613, 4613
6169, 6169
6185, 6185
6208, 6208
6290, 6290
6612, 6612
6793, 6793
6895, 6895
6906, 6906
6907, 6907
6933, 6933
7115, 7115
7218, 878
7421, 7421
7467, 7467
7522, 36545
7529, 7529
7553, 7553
7579, 7579
7604, 7604
7618, 7618
7632, 7632
7741, 7741
7927, 7927
8267, 8267
8549, 8549
8794, 8794
9103, 9103
9566, 9566
10208, 10208
10271, 10271
10557, 10333
10889, 10889
10947, 10947
11361, 11361
11530, 11530
11592, 11592
11756, 11756
12043, 12043
12900, 12900
13176, 13176
13288, 13288
13355, 13355
13617, 13617
14356, 14356
16118, 16118
16821, 13130
17213, 17213
17793, 17793
18841, 18841
19440, 19440
21699, 21699
23351, 23351
23796, 23796
26208, 26208
26998, 26998
29561, 29561
31068, 31068
33732, 33732
35566, 35566
36660, 36660
41378, 41378
49030, 49030
146, 146
221, 221
264, 264
321, 321
623, 623
686, 686
851, 851
900, 1170
1076, 1076
1095, 1095
1170, 1095
1302, 1302
1497, 1497
1769, 1769
1770, 1770
1875, 6903
1912, 4016
2005, 2005
2134, 2134
2138, 2138
2191, 2191
2399, 21699
2824, 2824
2845, 2845
2857, 2857
2868, 2978
2932, 2932
2933, 2933
2959, 2959
2971, 2971
3043, 3043
3108, 3108
3362, 3362
3458, 11581
3841, 3841
4570, 4570
5210, 5210
6169, 6169
6185, 6185
6208, 6208
6290, 6290
6612, 6612
6793, 6793
6895, 6895
6906, 6906
6907, 6907
6933, 6933
7115, 7115
7218, 7218
7421, 7421
7467, 7467
7522, 2152
7529, 7529
7553, 7553
7579, 7579
7604, 7604
7618, 7618
7632, 7632
7788, 7788
7927, 7927
8267, 8267
8549, 8549
8794, 1095
9103, 9103
9566, 9566
10208, 10208
10333, 10333
10557, 1076
10889, 10889
11271, 11271
11361, 11361
11530, 7115
11592, 11592
11765, 11765
12043, 12043
12900, 12900
13176, 13176
13288, 13288
13583, 13583
13679, 13679
14356, 14356
16118, 16118
16821, 42319
17213, 17213
17793, 17793
18841, 18841
19440, 19440
21699, 21699
23351, 23351
24244, 24244
26208, 26208
26998, 26998
29598, 29598
31068, 31068
33732, 33732
35752, 35752
36697, 36697
41378, 41378
49030, 49030
