0, 0, "[8.993074902776965E-4, 30.0, 0.0, 0.0, 0.0, 0.0]", 0.7761121856866537, 0.8123791102514507
0, 0, "[8.993074902776965E-4, 60.0, 0.0, 0.0, 0.0, 0.0]", 0.8201160541586073, 0.8679883945841392
0, 0, "[8.993074902776965E-4, 120.0, 0.0, 0.0, 0.0, 0.0]", 0.8457446808510638, 0.9052224371373307
0, 0, "[0.0026979224708330893, 30.0, 0.0, 0.0, 0.0, 0.0]", 0.7761121856866537, 0.8123791102514507
0, 0, "[0.0026979224708330893, 60.0, 0.0, 0.0, 0.0, 0.0]", 0.8201160541586073, 0.8679883945841392
0, 0, "[0.0026979224708330893, 120.0, 0.0, 0.0, 0.0, 0.0]", 0.8457446808510638, 0.9052224371373307
0, 0, "[0.004496537451388482, 30.0, 0.0, 0.0, 0.0, 0.0]", 0.7761121856866537, 0.8123791102514507
0, 0, "[0.004496537451388482, 60.0, 0.0, 0.0, 0.0, 0.0]", 0.8201160541586073, 0.8679883945841392
0, 0, "[0.004496537451388482, 120.0, 0.0, 0.0, 0.0, 0.0]", 0.8457446808510638, 0.9052224371373307
0, 1, "[8.993074902776965E-4, 30.0, 0.0, 0.0, 0.0, 0.0]", 0.7711111111111111, 0.8128888888888889
0, 1, "[8.993074902776965E-4, 60.0, 0.0, 0.0, 0.0, 0.0]", 0.816, 0.8675555555555555
0, 1, "[8.993074902776965E-4, 120.0, 0.0, 0.0, 0.0, 0.0]", 0.8493333333333334, 0.9084444444444445
0, 1, "[0.0026979224708330893, 30.0, 0.0, 0.0, 0.0, 0.0]", 0.7711111111111111, 0.8128888888888889
0, 1, "[0.0026979224708330893, 60.0, 0.0, 0.0, 0.0, 0.0]", 0.816, 0.8675555555555555
0, 1, "[0.0026979224708330893, 120.0, 0.0, 0.0, 0.0, 0.0]", 0.8493333333333334, 0.9084444444444445
0, 1, "[0.004496537451388482, 30.0, 0.0, 0.0, 0.0, 0.0]", 0.7711111111111111, 0.8128888888888889
0, 1, "[0.004496537451388482, 60.0, 0.0, 0.0, 0.0, 0.0]", 0.816, 0.8675555555555555
0, 1, "[0.004496537451388482, 120.0, 0.0, 0.0, 0.0, 0.0]", 0.8493333333333334, 0.9084444444444445
1, 0, "[8.993074902776965E-4, 30.0, 0.0, 0.0, 0.0, 0.0]", 0.7591876208897486, 0.8085106382978723
1, 0, "[8.993074902776965E-4, 60.0, 0.0, 0.0, 0.0, 0.0]", 0.8065764023210832, 0.8626692456479691
1, 0, "[8.993074902776965E-4, 120.0, 0.0, 0.0, 0.0, 0.0]", 0.8438104448742747, 0.9003868471953579
1, 0, "[0.0026979224708330893, 30.0, 0.0, 0.0, 0.0, 0.0]", 0.7591876208897486, 0.8085106382978723
1, 0, "[0.0026979224708330893, 60.0, 0.0, 0.0, 0.0, 0.0]", 0.8065764023210832, 0.8626692456479691
1, 0, "[0.0026979224708330893, 120.0, 0.0, 0.0, 0.0, 0.0]", 0.8438104448742747, 0.9003868471953579
1, 0, "[0.004496537451388482, 30.0, 0.0, 0.0, 0.0, 0.0]", 0.7591876208897486, 0.8085106382978723
1, 0, "[0.004496537451388482, 60.0, 0.0, 0.0, 0.0, 0.0]", 0.8065764023210832, 0.8626692456479691
1, 0, "[0.004496537451388482, 120.0, 0.0, 0.0, 0.0, 0.0]", 0.8438104448742747, 0.9003868471953579
1, 1, "[8.993074902776965E-4, 30.0, 0.0, 0.0, 0.0, 0.0]", 0.7657777777777778, 0.8071111111111111
1, 1, "[8.993074902776965E-4, 60.0, 0.0, 0.0, 0.0, 0.0]", 0.8084444444444444, 0.8608888888888889
1, 1, "[8.993074902776965E-4, 120.0, 0.0, 0.0, 0.0, 0.0]", 0.844, 0.9022222222222223
1, 1, "[0.0026979224708330893, 30.0, 0.0, 0.0, 0.0, 0.0]", 0.7657777777777778, 0.8071111111111111
1, 1, "[0.0026979224708330893, 60.0, 0.0, 0.0, 0.0, 0.0]", 0.8084444444444444, 0.8608888888888889
1, 1, "[0.0026979224708330893, 120.0, 0.0, 0.0, 0.0, 0.0]", 0.844, 0.9022222222222223
1, 1, "[0.004496537451388482, 30.0, 0.0, 0.0, 0.0, 0.0]", 0.7657777777777778, 0.8071111111111111
1, 1, "[0.004496537451388482, 60.0, 0.0, 0.0, 0.0, 0.0]", 0.8084444444444444, 0.8608888888888889
1, 1, "[0.004496537451388482, 120.0, 0.0, 0.0, 0.0, 0.0]", 0.844, 0.9022222222222223
2, 0, "[8.993074902776965E-4, 30.0, 0.0, 0.0, 0.0, 0.0]", 0.7741779497098646, 0.8186653771760155
2, 0, "[8.993074902776965E-4, 60.0, 0.0, 0.0, 0.0, 0.0]", 0.8143133462282398, 0.8704061895551257
2, 0, "[8.993074902776965E-4, 120.0, 0.0, 0.0, 0.0, 0.0]", 0.8486460348162476, 0.9100580270793037
2, 0, "[0.0026979224708330893, 30.0, 0.0, 0.0, 0.0, 0.0]", 0.7741779497098646, 0.8186653771760155
2, 0, "[0.0026979224708330893, 60.0, 0.0, 0.0, 0.0, 0.0]", 0.8143133462282398, 0.8704061895551257
2, 0, "[0.0026979224708330893, 120.0, 0.0, 0.0, 0.0, 0.0]", 0.8486460348162476, 0.9100580270793037
2, 0, "[0.004496537451388482, 30.0, 0.0, 0.0, 0.0, 0.0]", 0.7741779497098646, 0.8186653771760155
2, 0, "[0.004496537451388482, 60.0, 0.0, 0.0, 0.0, 0.0]", 0.8143133462282398, 0.8704061895551257
2, 0, "[0.004496537451388482, 120.0, 0.0, 0.0, 0.0, 0.0]", 0.8486460348162476, 0.9100580270793037
2, 1, "[8.993074902776965E-4, 30.0, 0.0, 0.0, 0.0, 0.0]", 0.7697777777777778, 0.8084444444444444
2, 1, "[8.993074902776965E-4, 60.0, 0.0, 0.0, 0.0, 0.0]", 0.8177777777777778, 0.8697777777777778
2, 1, "[8.993074902776965E-4, 120.0, 0.0, 0.0, 0.0, 0.0]", 0.8475555555555555, 0.9062222222222223
2, 1, "[0.0026979224708330893, 30.0, 0.0, 0.0, 0.0, 0.0]", 0.7697777777777778, 0.8084444444444444
2, 1, "[0.0026979224708330893, 60.0, 0.0, 0.0, 0.0, 0.0]", 0.8177777777777778, 0.8697777777777778
2, 1, "[0.0026979224708330893, 120.0, 0.0, 0.0, 0.0, 0.0]", 0.8475555555555555, 0.9062222222222223
2, 1, "[0.004496537451388482, 30.0, 0.0, 0.0, 0.0, 0.0]", 0.7697777777777778, 0.8084444444444444
2, 1, "[0.004496537451388482, 60.0, 0.0, 0.0, 0.0, 0.0]", 0.8177777777777778, 0.8697777777777778
2, 1, "[0.004496537451388482, 120.0, 0.0, 0.0, 0.0, 0.0]", 0.8475555555555555, 0.9062222222222223
3, 0, "[8.993074902776965E-4, 30.0, 0.0, 0.0, 0.0, 0.0]", 0.7611218568665378, 0.8070599613152805
3, 0, "[8.993074902776965E-4, 60.0, 0.0, 0.0, 0.0, 0.0]", 0.816247582205029, 0.8728239845261122
3, 0, "[8.993074902776965E-4, 120.0, 0.0, 0.0, 0.0, 0.0]", 0.8418762088974855, 0.9047388781431335
3, 0, "[0.0026979224708330893, 30.0, 0.0, 0.0, 0.0, 0.0]", 0.7611218568665378, 0.8070599613152805
3, 0, "[0.0026979224708330893, 60.0, 0.0, 0.0, 0.0, 0.0]", 0.816247582205029, 0.8728239845261122
3, 0, "[0.0026979224708330893, 120.0, 0.0, 0.0, 0.0, 0.0]", 0.8418762088974855, 0.9047388781431335
3, 0, "[0.004496537451388482, 30.0, 0.0, 0.0, 0.0, 0.0]", 0.7611218568665378, 0.8070599613152805
3, 0, "[0.004496537451388482, 60.0, 0.0, 0.0, 0.0, 0.0]", 0.816247582205029, 0.8728239845261122
3, 0, "[0.004496537451388482, 120.0, 0.0, 0.0, 0.0, 0.0]", 0.8418762088974855, 0.9047388781431335
3, 1, "[8.993074902776965E-4, 30.0, 0.0, 0.0, 0.0, 0.0]", 0.7644444444444445, 0.8044444444444444
3, 1, "[8.993074902776965E-4, 60.0, 0.0, 0.0, 0.0, 0.0]", 0.8173333333333334, 0.8715555555555555
3, 1, "[8.993074902776965E-4, 120.0, 0.0, 0.0, 0.0, 0.0]", 0.8457777777777777, 0.9053333333333333
3, 1, "[0.0026979224708330893, 30.0, 0.0, 0.0, 0.0, 0.0]", 0.7644444444444445, 0.8044444444444444
3, 1, "[0.0026979224708330893, 60.0, 0.0, 0.0, 0.0, 0.0]", 0.8173333333333334, 0.8715555555555555
3, 1, "[0.0026979224708330893, 120.0, 0.0, 0.0, 0.0, 0.0]", 0.8457777777777777, 0.9053333333333333
3, 1, "[0.004496537451388482, 30.0, 0.0, 0.0, 0.0, 0.0]", 0.7644444444444445, 0.8044444444444444
3, 1, "[0.004496537451388482, 60.0, 0.0, 0.0, 0.0, 0.0]", 0.8173333333333334, 0.8715555555555555
3, 1, "[0.004496537451388482, 120.0, 0.0, 0.0, 0.0, 0.0]", 0.8457777777777777, 0.9053333333333333
4, 0, "[8.993074902776965E-4, 30.0, 0.0, 0.0, 0.0, 0.0]", 0.7611218568665378, 0.8051257253384912
4, 0, "[8.993074902776965E-4, 60.0, 0.0, 0.0, 0.0, 0.0]", 0.8099613152804642, 0.8602514506769826
4, 0, "[8.993074902776965E-4, 120.0, 0.0, 0.0, 0.0, 0.0]", 0.844294003868472, 0.8979690522243714
4, 0, "[0.0026979224708330893, 30.0, 0.0, 0.0, 0.0, 0.0]", 0.7611218568665378, 0.8051257253384912
4, 0, "[0.0026979224708330893, 60.0, 0.0, 0.0, 0.0, 0.0]", 0.8099613152804642, 0.8602514506769826
4, 0, "[0.0026979224708330893, 120.0, 0.0, 0.0, 0.0, 0.0]", 0.844294003868472, 0.8979690522243714
4, 0, "[0.004496537451388482, 30.0, 0.0, 0.0, 0.0, 0.0]", 0.7611218568665378, 0.8051257253384912
4, 0, "[0.004496537451388482, 60.0, 0.0, 0.0, 0.0, 0.0]", 0.8099613152804642, 0.8602514506769826
4, 0, "[0.004496537451388482, 120.0, 0.0, 0.0, 0.0, 0.0]", 0.844294003868472, 0.8979690522243714
4, 1, "[8.993074902776965E-4, 30.0, 0.0, 0.0, 0.0, 0.0]", 0.7537777777777778, 0.796
4, 1, "[8.993074902776965E-4, 60.0, 0.0, 0.0, 0.0, 0.0]", 0.8004444444444444, 0.8546666666666667
4, 1, "[8.993074902776965E-4, 120.0, 0.0, 0.0, 0.0, 0.0]", 0.8382222222222222, 0.9
4, 1, "[0.0026979224708330893, 30.0, 0.0, 0.0, 0.0, 0.0]", 0.7537777777777778, 0.796
4, 1, "[0.0026979224708330893, 60.0, 0.0, 0.0, 0.0, 0.0]", 0.8004444444444444, 0.8546666666666667
4, 1, "[0.0026979224708330893, 120.0, 0.0, 0.0, 0.0, 0.0]", 0.8382222222222222, 0.9
4, 1, "[0.004496537451388482, 30.0, 0.0, 0.0, 0.0, 0.0]", 0.7537777777777778, 0.796
4, 1, "[0.004496537451388482, 60.0, 0.0, 0.0, 0.0, 0.0]", 0.8004444444444444, 0.8546666666666667
4, 1, "[0.004496537451388482, 120.0, 0.0, 0.0, 0.0, 0.0]", 0.8382222222222222, 0.9
