218, 6453
540, 460
1176, 1176
2141, 2141
2875, 2875
3129, 3129
3252, 4517
3480, 3480
3842, 3842
4368, 4368
4648, 36075
4929, 4929
5337, 5337
5518, 5518
5812, 69181
6278, 5496
6336, 6336
8404, 8404
10107, 10107
10248, 1284
10616, 102829
11053, 350
11212, 5518
12942, 12942
14814, 14814
18190, 18190
18768, 18768
19378, 19378
19755, 19755
22142, 22142
28406, 28406
33782, 1358
38364, 38364
38681, 38681
39561, 18768
39631, 48657
45244, 45244
49103, 49103
59959, 59959
82947, 82947
100174, 100174
102869, 102869
103840, 103840
104312, 104312
106123, 106123
107182, 107182
108131, 108131
110953, 110953
113411, 113411
119431, 119431
124101, 11112
126312, 126312
132468, 132468
142661, 142661
221, 221
540, 540
1245, 1245
2141, 2141
2896, 2896
3129, 3129
3252, 3252
3486, 3486
3842, 3842
4390, 4390
4648, 4648
4929, 3480
5337, 5337
5518, 5518
5812, 5812
6278, 6278
6453, 218
8833, 8833
10107, 10107
10367, 10367
10616, 10616
11053, 3425
11212, 5518
12942, 12942
14814, 14814
18190, 18190
18768, 18768
19378, 19378
19755, 19755
22142, 22142
28406, 28406
33782, 11212
38364, 38364
38681, 38681
39613, 39613
39648, 39648
45244, 45244
49103, 49103
59959, 59959
84943, 84943
100174, 100174
102869, 102869
103924, 103924
104758, 104758
106123, 106123
107182, 107182
108841, 108841
110953, 110953
113411, 113411
119431, 119431
124512, 124512
126312, 126312
132468, 132468
142661, 142661
291, 291
540, 540
1247, 1247
2241, 4078
2896, 3697
3129, 3129
3360, 3360
3486, 3486
3842, 11295
4390, 4390
4855, 460
4929, 4929
5406, 5406
5518, 5518
5980, 5980
6278, 6278
6453, 125164
8833, 8833
10107, 39557
10367, 10367
10616, 10616
11074, 10367
11275, 11275
12942, 12942
14918, 14918
18190, 19755
18768, 18768
19378, 19378
19755, 19755
22142, 22142
28406, 28406
33834, 33834
38364, 38364
38681, 38681
39613, 39631
39648, 39648
47987, 106154
49103, 49103
69144, 69144
84943, 84943
100174, 100174
102869, 102869
103924, 103924
104758, 104758
106154, 106154
107182, 107182
108841, 108841
110975, 110975
116441, 116441
119431, 119431
124512, 124512
128114, 128114
132468, 107206
148505, 148505
337, 6466
708, 708
1247, 1247
2241, 539
2996, 2996
3129, 33834
3360, 3360
3486, 884
3842, 2141
4390, 4390
4855, 1120
4929, 71244
5406, 5406
5677, 5677
5980, 5980
6303, 6303
6453, 6466
8833, 8833
10153, 3155
10410, 10410
10832, 69181
11074, 1388
11275, 11275
12942, 12942
14918, 14918
18190, 19755
18768, 1400
19531, 19531
19755, 19755
22142, 6303
29105, 29105
33834, 33834
38481, 38481
38818, 38818
39613, 101542
39648, 39648
47987, 47987
49804, 49804
69144, 69144
84943, 84943
100174, 100174
103387, 103387
103924, 103924
104758, 104758
106154, 106154
107206, 107206
108841, 108841
110975, 110975
116441, 116441
119431, 119431
124512, 124512
128114, 128114
133891, 133891
148505, 39613
350, 350
708, 708
1358, 3129
2242, 2242
3010, 3010
3155, 3155
3376, 3376
3559, 3697
4057, 3842
4390, 4390
4864, 14814
5164, 5164
5406, 5406
5677, 69181
5980, 5980
6303, 11295
6453, 6453
8941, 10410
10176, 10176
10410, 10410
10832, 10248
11074, 11074
11275, 11275
13081, 13081
15566, 15566
18426, 18426
19082, 19082
19531, 19531
19755, 19755
22142, 22142
29105, 29105
33834, 5677
38481, 38481
38818, 38818
39613, 39631
39648, 39648
47987, 47987
49804, 49804
69144, 69144
87275, 87275
100174, 100174
103387, 10107
103924, 103924
104769, 104769
106154, 106154
107206, 107206
109625, 109625
110975, 110975
116441, 116441
119431, 119431
124522, 124522
128114, 49101
133891, 133891
149121, 149121
350, 5812
743, 743
1388, 1388
2251, 2251
3010, 3010
3155, 3155
3376, 5677
3579, 3579
4076, 4076
4390, 4390
4864, 4864
5164, 5164
5406, 5406
5677, 11143
6135, 2141
6319, 6319
6466, 218
8941, 8941
10176, 11143
10410, 3425
10971, 39631
11112, 124101
11295, 4078
13081, 13081
15566, 15566
18426, 18426
19082, 19082
19565, 19565
19755, 19755
25406, 25406
29105, 29105
36075, 36075
38481, 38481
38818, 38818
39613, 101542
39648, 39648
48534, 48534
49804, 49804
69181, 69181
87275, 87275
100174, 4864
103387, 103387
103924, 103924
104769, 104769
106154, 106154
107206, 107206
109625, 109625
111979, 10974
116441, 142
121146, 49918
124522, 124522
128114, 128114
133891, 10974
149121, 149121
350, 350
743, 743
1388, 1388
2251, 2251
3010, 3010
3157, 3157
3425, 10410
3579, 3579
4078, 4078
4390, 4390
4864, 4864
5204, 8091
5479, 4368
5734, 5734
6135, 10832
6319, 3129
6466, 218
8941, 8941
10176, 4117
10410, 3425
10971, 10971
11112, 11112
11295, 2515
13436, 13436
15566, 15566
18426, 18426
19082, 19082
19565, 19565
19755, 19755
25406, 25406
29105, 29105
36075, 36075
38481, 38481
39016, 39016
39613, 39628
39648, 39648
48534, 48534
49918, 49918
69181, 11053
87275, 39613
100470, 106163
103387, 103387
103924, 103924
104769, 104769
106163, 106163
107623, 107623
109625, 109625
111979, 111979
118449, 118449
121146, 121146
124522, 124522
128268, 128268
133891, 133891
149121, 149121
446, 446
830, 830
1400, 1400
2515, 3360
3010, 3010
3157, 3157
3425, 3425
3667, 3667
4078, 4078
4435, 4435
4864, 4864
5219, 5219
5479, 5479
5734, 5734
6135, 4117
6319, 865
6466, 4890
9677, 9677
10176, 1284
10445, 10445
10971, 113194
11112, 11112
11295, 10176
13436, 13436
15566, 15566
18426, 18426
19082, 19082
19565, 19565
19807, 19807
25459, 25459
29105, 29105
36075, 11143
38515, 38515
39016, 39016
39622, 39622
39648, 39648
48534, 48534
49918, 121146
69181, 4883
89850, 89850
100470, 100470
103387, 103387
103924, 103924
104921, 104921
106163, 106163
107623, 107623
109625, 109625
113194, 89958
118449, 118449
121146, 121146
124727, 124727
128268, 128268
136385, 136385
153026, 153026
468, 539
865, 3470
1400, 1400
2660, 2996
3010, 3010
3157, 3157
3426, 3426
3667, 3667
4117, 6183
4508, 4508
4864, 4864
5219, 4078
5479, 5479
5734, 5734
6183, 5337
6319, 6319
6927, 5496
9677, 9677
10222, 10222
10445, 10445
10971, 10971
11143, 539
11896, 11896
14452, 14452
15566, 15566
18426, 18426
19082, 19082
19665, 19665
19807, 19807
26856, 26856
30006, 1651
36712, 36712
38515, 38515
39016, 39016
39622, 39622
39648, 39648
48657, 48657
49918, 49918
69729, 69729
89850, 39631
101542, 1400
103549, 103549
104139, 36712
104921, 104921
106163, 106163
108117, 108117
109625, 109625
113194, 113194
118449, 118449
121970, 121970
124727, 124727
128268, 128268
136385, 136385
153026, 153026
468, 468
869, 869
1400, 1400
2661, 2661
3074, 25459
3157, 3157
3426, 3426
3667, 2141
4256, 221
4517, 221
4883, 4883
5247, 5247
5479, 5479
5734, 5734
6183, 476
6319, 6319
6927, 6927
9677, 9677
10222, 10222
10445, 10445
10974, 39723
11143, 11143
12321, 36075
14452, 14452
16464, 16464
18564, 29105
19285, 19285
19665, 19665
19807, 19807
28375, 28375
30006, 30006
36712, 36712
38515, 38515
39547, 39547
39622, 39622
39723, 39723
48657, 16464
49918, 49918
69729, 69729
89850, 89850
101542, 101542
103549, 103549
104139, 113194
104921, 104921
106541, 106541
108117, 108117
110523, 110523
113194, 113194
119314, 119314
121970, 121970
124727, 124727
128268, 128268
136385, 136385
157210, 26856
468, 11143
884, 884
1651, 1651
2661, 2661
3074, 3074
3210, 3210
3426, 4117
3667, 1284
4308, 4308
4547, 4547
4883, 4883
5247, 221
5479, 5479
5812, 5812
6183, 6183
6319, 6319
6927, 494
9677, 9677
10222, 10222
10522, 10522
10974, 10971
11143, 11053
12321, 36075
14470, 14470
16464, 10971
18564, 18564
19285, 19285
19709, 19709
19807, 19807
28375, 28375
32389, 33834
37398, 37398
38515, 38515
39547, 39547
39628, 39628
39723, 39723
48657, 48657
56524, 56524
69729, 69729
89850, 89850
101542, 39631
103549, 103549
104312, 104312
105825, 105825
106541, 106541
108117, 108117
110523, 110523
113194, 113194
119314, 119314
122357, 122357
124727, 124727
129273, 129273
136385, 136385
157210, 157210
468, 539
908, 908
1651, 1651
2661, 2661
3074, 3074
3210, 3210
3470, 3470
3697, 3697
4308, 4308
4547, 4547
4888, 124101
5267, 5267
5479, 5479
5812, 5812
6183, 6183
6319, 6319
6927, 84943
10034, 104139
10222, 10222
10522, 10522
11006, 11006
11143, 11143
12681, 12681
14470, 14470
16464, 10107
18564, 18564
19285, 19285
19709, 11053
19857, 19857
28375, 28375
32389, 32389
38089, 38089
38515, 38515
39557, 39557
39628, 39628
39723, 39631
49101, 49101
56524, 56524
71244, 4517
89958, 89958
102640, 102640
103737, 103924
104312, 104312
105825, 105825
106541, 106541
108117, 108117
110523, 39723
113194, 113194
119314, 119314
122357, 122357
124868, 124868
129273, 129273
139378, 47987
168955, 168955
476, 5247
908, 908
1848, 1848
2751, 4547
3074, 3074
3210, 3210
3470, 3470
3697, 3559
4308, 4308
4634, 4634
4890, 865
5267, 5267
5496, 6183
5812, 5812
6278, 779
6321, 6321
8091, 350
10034, 10107
10248, 69181
10522, 10522
11006, 11006
11205, 11205
12681, 12681
14470, 14470
16464, 168955
18564, 18564
19293, 19293
19709, 19709
19857, 19857
28375, 28375
32389, 32389
38089, 38089
38546, 38546
39557, 39557
39628, 39628
39723, 39723
49101, 49101
56524, 56524
71244, 3480
89958, 89958
102640, 102640
103737, 103737
104312, 104312
105825, 105825
106541, 106541
108117, 108117
110523, 39613
113411, 113411
119425, 119425
122357, 122357
124868, 124868
129893, 129893
139378, 47987
168955, 139378
494, 69181
969, 969
1848, 1848
2751, 2751
3123, 3123
3222, 3222
3470, 2660
3698, 3480
4368, 1120
4634, 4634
4890, 10410
5267, 3697
5496, 5496
5812, 5812
6278, 3708
6336, 6336
8091, 8091
10094, 10094
10248, 10248
10522, 3210
11006, 11006
11205, 11205
12681, 12681
14814, 908
16931, 5677
18564, 9677
19293, 19293
19709, 19709
20104, 32389
28399, 28399
33495, 33495
38089, 38089
38546, 38546
39557, 10107
39628, 39628
41577, 41577
49101, 49101
57158, 57158
71244, 3480
89958, 89958
102640, 102640
103737, 103737
104312, 104312
106123, 106123
107009, 139378
108131, 108131
110523, 39613
113411, 113411
119425, 119425
124101, 142
124868, 124868
129893, 129893
139378, 110975
539, 539
1176, 1176
2027, 2027
2845, 2845
3129, 11896
3222, 3222
3480, 3480
3698, 3698
4368, 1120
4648, 4648
4896, 4896
5337, 5337
5496, 5496
5812, 5812
6278, 6278
6336, 6336
8404, 8404
10094, 10094
10248, 11295
10522, 10522
11029, 11029
11205, 11205
12942, 12942
14814, 6466
16931, 11143
18564, 18564
19378, 19378
19709, 19709
20104, 20104
28399, 3210
33495, 33495
38364, 38364
38546, 38546
39557, 39557
39631, 39631
41577, 41577
49103, 49103
57158, 57158
82947, 82947
90754, 90754
102829, 102829
103737, 103737
104312, 104312
106123, 106123
107009, 107009
108131, 108131
110523, 110523
113411, 113411
119425, 119425
124101, 124101
125164, 125164
129893, 129893
142661, 142661
539, 539
1176, 1176
2027, 2027
2845, 2845
3129, 865
3222, 5267
3480, 3480
3708, 3708
4368, 6278
4648, 2896
4896, 4896
5337, 5337
5496, 5496
5812, 5812
6278, 6183
6336, 6336
8404, 8404
10094, 10094
10248, 10248
10522, 10522
11053, 5812
11212, 5677
12942, 12942
14814, 14814
18190, 18190
18623, 18623
19378, 45244
19709, 19709
20104, 20104
28399, 28399
33495, 33495
38364, 38364
38546, 38546
39561, 18768
39631, 39631
45244, 45244
49103, 49103
57158, 57158
82947, 82947
90754, 14918
102829, 102829
103840, 103840
104312, 104312
106123, 106123
107009, 107009
108131, 39622
110953, 110953
113411, 113411
119431, 119431
124101, 124101
125164, 125164
132468, 132468
142661, 142661
