41, 41
149, 149
221, 221
279, 279
321, 2152
623, 623
686, 686
851, 851
900, 900
1076, 1076
1095, 1095
1240, 1240
1446, 1446
1497, 1497
1769, 1769
1770, 1770
1875, 13220
1912, 1912
2005, 2005
2134, 2134
2138, 2138
2191, 2191
2399, 2399
2824, 2824
2845, 2845
2857, 2857
2868, 2868
2932, 2932
2933, 2933
2959, 2959
2971, 2971
3043, 3043
3108, 3108
3368, 3368
3458, 41
3841, 3841
4570, 4570
5210, 5210
6169, 6169
6185, 6185
6208, 6906
6290, 6290
6612, 6612
6793, 6793
6895, 6895
6906, 6906
6907, 6907
6933, 6933
7115, 7115
7226, 7226
7421, 7421
7522, 7522
7523, 7523
7529, 7529
7553, 7553
7579, 7579
7604, 7604
7619, 7619
7632, 7632
7788, 7788
7927, 7927
8267, 8267
8724, 2865
8907, 8907
9129, 9129
9566, 9566
10208, 10208
10333, 10333
10557, 10557
10902, 10902
11271, 11271
11361, 11361
11530, 11530
11592, 11592
11765, 11765
12043, 12043
13039, 13039
13176, 13176
13288, 13288
13583, 13583
13679, 13679
14356, 14356
16118, 16118
17065, 17065
17227, 17227
17793, 17793
18841, 18841
19930, 19930
21699, 21699
23351, 23351
24244, 24244
26208, 26208
26998, 26998
29598, 29598
31068, 31068
33732, 33732
35752, 35752
36697, 36697
42319, 42319
49030, 49030
41, 41
149, 149
221, 221
279, 279
568, 568
623, 623
686, 686
851, 851
963, 963
1076, 1076
1095, 1095
1240, 1240
1446, 1446
1497, 1497
1769, 1769
1770, 1770
1875, 1875
1912, 1912
2005, 2005
2134, 2134
2138, 2138
2191, 2191
2807, 2807
2824, 2824
2845, 2845
2857, 2857
2868, 2868
2932, 2932
2933, 2933
2959, 2959
2971, 2971
3043, 3043
3108, 3108
3368, 3368
3458, 3458
3841, 3841
4570, 4570
5210, 5210
6169, 6169
6185, 6185
6208, 6208
6290, 6290
6612, 6612
6793, 6793
6895, 6895
6906, 6906
6907, 6907
6933, 6933
7115, 7115
7226, 7226
7421, 7421
7522, 7522
7523, 7523
7530, 7530
7553, 7553
7579, 7579
7604, 7604
7619, 7619
7648, 7648
7844, 7844
8067, 8067
8267, 8267
8724, 2865
8907, 8907
9129, 9129
9566, 9566
10238, 10238
10333, 10333
10557, 10557
10902, 10902
11271, 11271
11361, 11361
11549, 11549
11592, 41
11765, 11765
12815, 12815
13039, 13039
13176, 13176
13297, 13297
13591, 13591
13679, 13679
15018, 15018
16118, 16118
17065, 17065
17227, 17227
18243, 18243
18841, 18841
19930, 19930
21699, 21699
23351, 23351
24244, 24244
26208, 224
27250, 27250
29673, 29673
31068, 31068
34007, 34007
35752, 35752
36697, 36697
42319, 42319
49030, 49030
41, 41
149, 149
221, 221
279, 279
568, 568
623, 623
686, 686
851, 851
963, 963
1076, 2152
1095, 1095
1240, 1240
1446, 2152
1513, 1513
1769, 1769
1770, 1770
1875, 224
1939, 1939
2005, 2005
2134, 2134
2138, 2138
2208, 2208
2807, 2807
2824, 2824
2845, 2845
2865, 2865
2868, 2868
2932, 2932
2933, 2933
2959, 2959
2971, 2971
3043, 3043
3108, 3108
3368, 3368
3711, 3711
4016, 4016
4570, 4570
5210, 5210
6169, 6169
6185, 6185
6208, 6208
6290, 6290
6612, 6612
6833, 6833
6895, 6895
6906, 6906
6907, 6907
6955, 6955
7115, 7115
7363, 7363
7424, 3108
7522, 7522
7523, 7523
7530, 7530
7553, 7553
7579, 7579
7604, 7604
7619, 7619
7648, 7648
7844, 7844
8067, 8067
8267, 8267
8724, 2865
8907, 8907
9240, 9240
9566, 9566
10238, 10238
10333, 10333
10587, 10587
10947, 10947
11300, 11300
11527, 11527
11549, 11549
11595, 11692
11765, 11765
12815, 12815
13039, 13039
13220, 27250
13297, 13297
13591, 13591
13853, 13853
15018, 15018
16118, 16118
17065, 17065
17227, 17227
18243, 18243
18841, 18841
19930, 5375
22121, 22121
23796, 23796
24244, 24244
26295, 26295
27250, 1875
29673, 29673
31068, 31068
34007, 34007
35752, 35752
36697, 36697
42319, 42319
49030, 49030
43, 43
149, 149
221, 221
279, 279
568, 568
650, 650
718, 718
852, 2152
963, 963
1076, 7522
1095, 1095
1240, 1240
1446, 1446
1513, 1513
1769, 1769
1770, 1770
1875, 1875
1939, 1939
2005, 2005
2134, 2134
2138, 2138
2208, 2208
2807, 2807
2824, 2824
2845, 2845
2865, 8724
2874, 2874
2932, 2932
2933, 2933
2959, 2959
2971, 2971
3043, 3043
3108, 41
3401, 3401
3711, 3711
4016, 4016
4613, 4613
5210, 5210
6185, 6185
6185, 6185
6208, 6208
6290, 6290
6687, 6687
6833, 6833
6895, 6895
6906, 6906
6907, 36545
6955, 6955
7115, 7115
7363, 7363
7424, 7424
7522, 7522
7523, 7523
7530, 7530
7553, 41
7579, 7579
7604, 7604
7619, 7619
7648, 7648
7844, 7844
8067, 8067
8267, 8267
8724, 8724
8907, 6199
9240, 9240
9566, 9566
10238, 10238
10333, 10333
10587, 10587
10947, 10947
11300, 11300
11527, 11527
11549, 11549
11595, 11595
11841, 11841
12882, 568
13039, 13039
13220, 13220
13297, 13297
13591, 13591
13853, 13853
15018, 15018
16118, 16118
17076, 17076
17372, 17372
18243, 18243
18841, 18841
20249, 20249
22121, 22121
23796, 23796
24707, 24707
26295, 26295
27250, 27250
29854, 29854
32046, 32046
34478, 224
35752, 35752
36697, 36697
42319, 42319
51783, 51783
43, 43
149, 149
221, 221
279, 279
568, 568
650, 650
718, 718
852, 852
963, 963
1076, 7522
1141, 1141
1240, 1240
1446, 1446
1559, 1559
1769, 1769
1770, 1770
1875, 27250
1939, 1939
2005, 2005
2134, 2134
2138, 2138
2208, 2208
2807, 2807
2829, 2829
2845, 2845
2865, 2865
2874, 2874
2932, 2932
2933, 2933
2959, 2959
2971, 2971
3044, 3044
3108, 3108
3401, 3401
3711, 3711
4016, 4016
4613, 4613
5375, 5375
6185, 6185
6199, 6199
6247, 6247
6290, 6290
6687, 6687
6833, 6833
6895, 6895
6906, 6906
6907, 6907
6955, 6955
7115, 7115
7363, 41
7424, 7424
7522, 7522
7523, 7523
7530, 7530
7557, 7557
7579, 7579
7604, 7604
7619, 7619
7648, 7648
7844, 7844
8127, 8127
8268, 8268
8724, 2865
8921, 8921
9240, 41
9906, 9906
10238, 10238
10333, 10333
10587, 10587
10947, 10947
11300, 11300
11527, 11527
11549, 11549
11692, 11595
11841, 11841
12882, 1907
13119, 41
13220, 13220
13297, 13297
13591, 13591
13853, 13853
15018, 15018
16118, 16118
17076, 17076
17372, 17372
18243, 18243
18841, 18841
20249, 20249
22705, 22705
23796, 23796
24707, 24707
26295, 26295
27534, 27534
29854, 29854
32046, 32046
34478, 7115
35752, 35752
36697, 36697
42599, 42599
51783, 51783
43, 43
149, 149
221, 221
279, 279
568, 568
650, 650
718, 718
852, 852
963, 963
1076, 36545
1141, 1141
1240, 1240
1446, 1446
1559, 1559
1769, 1769
1770, 1770
1892, 1892
1952, 1952
2005, 14196
2134, 2134
2138, 2138
2208, 2208
2808, 2808
2829, 2829
2845, 2845
2865, 2865
2874, 2874
2932, 2932
2933, 2933
2959, 2959
2971, 2971
3044, 3044
3147, 3147
3401, 3401
3730, 3730
4041, 4041
4613, 4613
5375, 41
6185, 6185
6199, 6199
6247, 6247
6381, 6381
6687, 6687
6833, 6833
6895, 6895
6906, 6906
6907, 7115
6955, 6955
7125, 7125
7363, 3402
7427, 7427
7522, 7522
7523, 7523
7530, 7530
7557, 7557
7579, 7579
7604, 7604
7632, 7632
7648, 7648
7844, 7844
8127, 8127
8268, 8268
8725, 8725
8921, 8921
9311, 9311
9906, 9906
10238, 10238
10333, 10333
10617, 10617
10947, 10947
11300, 11300
11527, 11527
11549, 11549
11692, 11595
11931, 11931
12882, 12882
13119, 13119
13220, 13220
13297, 13297
13591, 13591
13853, 13853
15018, 15018
16118, 16118
17076, 17076
17453, 17453
18398, 18398
18841, 18841
20599, 20599
22705, 22705
23796, 23796
24707, 24707
26408, 26408
27534, 27534
29854, 29854
32046, 32046
35566, 35566
36545, 27250
37293, 37293
42599, 42599
54164, 54164
43, 43
149, 149
221, 221
279, 279
568, 568
650, 650
718, 718
852, 852
963, 963
1076, 2874
1141, 1141
1302, 1302
1446, 1446
1559, 1559
1770, 1770
1770, 1770
1892, 1892
1952, 1952
2029, 2029
2134, 2134
2138, 2138
2208, 2399
2808, 2808
2829, 2829
2845, 2845
2865, 2865
2874, 2874
2932, 2932
2941, 2941
2959, 2959
2971, 2971
3061, 3061
3147, 3147
3402, 3402
3730, 3730
4041, 4041
4613, 4613
5589, 5589
6185, 6185
6199, 6199
6247, 6247
6381, 6381
6687, 6687
6833, 6833
6895, 6895
6906, 6906
6907, 6907
6955, 6955
7125, 7125
7419, 7419
7427, 7427
7522, 7522
7523, 7523
7530, 7530
7557, 7557
7579, 7579
7604, 41
7632, 7632
7648, 7648
7844, 7844
8127, 8127
8268, 8268
8725, 8725
8941, 8941
9311, 9311
9906, 9906
10238, 10238
10333, 10333
10617, 41
10947, 10947
11300, 11300
11527, 11527
11549, 11549
11692, 36555
11931, 11931
12900, 12900
13119, 13119
13288, 13288
13297, 13297
13591, 13583
13916, 13916
15018, 15018
16118, 16118
17076, 17076
17453, 17453
18398, 18398
18841, 18841
20599, 20599
22705, 22705
23796, 23796
24707, 24707
26408, 26408
27534, 27534
29854, 146
32046, 32046
35566, 35566
36545, 2152
37293, 37293
45216, 45216
54164, 54164
146, 146
149, 149
221, 221
279, 279
568, 568
662, 14196
818, 818
852, 224
1075, 1075
1076, 2152
1141, 1141
1302, 1302
1446, 1446
1559, 1559
1770, 1770
1770, 1770
1892, 1892
1968, 1968
2029, 2029
2134, 2134
2147, 2147
2276, 2276
2808, 2808
2829, 2829
2845, 2845
2865, 2865
2874, 2874
2932, 2932
2941, 2941
2959, 2959
2971, 2971
3061, 3061
3362, 3362
3402, 3402
3730, 3730
4041, 4041
4613, 4613
5589, 5589
6185, 6185
6199, 6199
6269, 6269
6381, 6381
6687, 6687
6833, 6833
6903, 6903
6906, 6906
6907, 6907
7108, 7108
7125, 7125
7419, 7419
7427, 7427
7522, 7522
7523, 7523
7530, 7530
7557, 7557
7579, 7579
7613, 7613
7632, 7632
7648, 7648
7844, 7844
8127, 8127
8291, 8291
8725, 8725
8941, 8941
9548, 9548
9912, 9912
10238, 10238
10333, 10333
10617, 10617
10947, 10947
11300, 11300
11530, 11530
11581, 11581
11692, 5375
11931, 11931
12900, 12900
13130, 13130
13288, 13288
13297, 13297
13591, 13591
13916, 13916
15018, 15018
16586, 16586
17076, 17076
17453, 17453
18398, 18398
18841, 18841
20599, 20599
22820, 22820
23796, 23796
26004, 26004
26408, 26408
27534, 27534
30186, 30186
32046, 32046
35566, 35566
36545, 224
37293, 37293
45216, 45216
54164, 54164
146, 146
149, 149
224, 6208
299, 299
568, 568
662, 662
818, 818
852, 852
1075, 1075
1094, 1094
1141, 1141
1302, 1302
1446, 1446
1559, 1559
1770, 1770
1771, 1771
1907, 41
1968, 1968
2029, 2029
2138, 2138
2147, 2147
2276, 11692
2808, 224
2829, 2829
2847, 2847
2865, 2865
2874, 2874
2932, 41
2941, 2941
2959, 2959
2978, 2978
3061, 3061
3362, 3362
3402, 3402
3730, 3730
4041, 4041
4613, 4613
5626, 5626
6185, 6185
6199, 6199
6269, 3841
6381, 6381
6687, 6687
6833, 6833
6903, 6903
6906, 6906
6925, 6925
7108, 7108
7125, 7125
7419, 7419
7427, 7427
7522, 7522
7523, 7523
7530, 7530
7557, 7557
7579, 7579
7613, 7613
7632, 7632
7723, 7723
7844, 7844
8127, 8127
8291, 8291
8725, 8725
8941, 8941
9548, 9548
9912, 9912
10238, 10238
10428, 10428
10617, 10617
10947, 10947
11300, 11300
11530, 11530
11581, 11581
11692, 11595
11931, 11931
12900, 12900
13130, 13130
13288, 13288
13297, 13297
13591, 13591
13916, 13916
15018, 15018
16586, 16586
17076, 17076
17672, 17672
18398, 18398
18841, 18841
20599, 20599
22820, 22820
23796, 23796
26004, 26004
26408, 26408
27534, 27534
30186, 30186
32046, 32046
35566, 35566
36545, 27250
38768, 38768
45216, 45216
146, 146
149, 149
224, 6208
299, 299
568, 568
662, 662
818, 818
878, 41
1075, 1075
1094, 1094
1141, 1141
1302, 1302
1497, 1497
1559, 1559
1770, 1770
1771, 1771
1907, 1907
1968, 1968
2029, 41
2138, 2138
2147, 2147
2365, 2365
2808, 2808
2829, 2829
2847, 1875
2865, 2865
2874, 2874
2932, 2932
2941, 2941
2959, 2959
2978, 2978
3108, 3108
3362, 3362
3402, 3402
3810, 3810
4041, 4041
4613, 4613
5626, 5626
6185, 6185
6199, 6199
6269, 6269
6612, 6612
6687, 6687
6847, 6847
6903, 6903
6906, 6906
6925, 6925
7108, 7108
7125, 7125
7419, 7419
7450, 7450
7522, 7522
7523, 7523
7553, 7553
7557, 7557
7579, 7579
7613, 7613
7632, 7632
7723, 7723
7844, 7844
8231, 8231
8291, 8291
8725, 8725
8941, 8941
9548, 9548
10208, 10208
10238, 10238
10428, 10428
10617, 10617
10947, 10947
11300, 11300
11530, 11530
11587, 11587
11692, 11595
11931, 11931
12900, 12900
13130, 13130
13288, 13288
13297, 13297
13617, 13617
14196, 2005
15310, 15310
16586, 16586
17213, 17213
17672, 17672
18432, 18432
19440, 19440
20599, 20599
22955, 22955
23796, 23796
26004, 26004
26755, 26755
27534, 27534
30186, 30186
33575, 33575
35566, 35566
36555, 7226
38768, 38768
45216, 45216
146, 146
149, 149
224, 36545
299, 299
568, 568
662, 662
824, 11692
878, 878
1075, 1075
1094, 1094
1141, 18841
1302, 1302
1497, 1497
1769, 1769
1770, 1770
1771, 1771
1907, 1907
1968, 1968
2059, 2059
2138, 2138
2152, 6906
2365, 2365
2808, 2808
2829, 34478
2847, 2847
2865, 2865
2874, 2874
2933, 2933
2941, 2941
2959, 2959
2994, 2994
3108, 3108
3362, 3362
3402, 3402
3810, 3810
4041, 4041
4613, 4613
5700, 5700
6185, 6185
6199, 6199
6269, 6269
6612, 6612
6687, 6687
6847, 6847
6903, 6903
6906, 6906
6925, 6925
7108, 7108
7125, 7125
7419, 7419
7450, 7450
7522, 224
7523, 7523
7553, 7553
7557, 7557
7579, 2152
7613, 7613
7632, 7632
7741, 7741
7844, 7844
8231, 8231
8549, 8549
8725, 8725
8941, 8941
9548, 9548
10208, 10208
10238, 10238
10428, 10428
10852, 10852
10947, 10947
11300, 11300
11530, 11530
11587, 11587
11743, 11743
11931, 11931
12900, 12900
13130, 224
13288, 13288
13297, 13297
13617, 13617
14196, 2005
15310, 15310
16751, 16751
17213, 17213
17672, 17672
18432, 18432
19440, 19440
20599, 20599
22955, 22955
23796, 23796
26004, 26004
26755, 26755
27534, 27534
30623, 30623
33575, 33575
35566, 35566
36555, 36555
38768, 38768
45216, 45216
146, 146
190, 190
264, 264
299, 299
570, 570
686, 686
824, 824
878, 878
1075, 1075
1094, 1094
1141, 1141
1302, 1302
1497, 1497
1769, 1769
1770, 1770
1771, 1771
1912, 1912
1968, 1968
2059, 2059
2138, 2138
2152, 2152
2365, 2365
2808, 2808
2845, 2845
2847, 2847
2868, 2868
2903, 2903
2933, 2933
2941, 2941
2959, 2959
2994, 2994
3108, 3108
3362, 3362
3402, 3402
3841, 3841
4544, 4544
4613, 4613
5700, 5700
6185, 6185
6205, 6205
6269, 6269
6612, 6612
6687, 6687
6847, 6847
6903, 6903
6906, 6906
6925, 6925
7108, 146
7217, 7217
7419, 7419
7464, 224
7522, 13130
7528, 7528
7553, 7553
7557, 7557
7604, 7604
7613, 7613
7632, 7632
7741, 7741
7844, 7844
8231, 8231
8549, 8549
8725, 8725
8941, 8941
9548, 9548
10208, 10208
10238, 10238
10537, 10537
10852, 10852
10947, 10947
11333, 11333
11530, 11530
11587, 11587
11743, 7927
11996, 11996
12900, 12900
13130, 13130
13288, 13288
13297, 13297
13617, 13617
14196, 14196
15310, 15310
16751, 16751
17213, 17213
17672, 17672
18432, 18432
19440, 19440
20599, 20599
23351, 23351
23796, 23796
26004, 26004
26755, 26755
27534, 27534
30623, 30623
33575, 33575
35566, 35566
36555, 2208
38768, 38768
45216, 45216
146, 13130
190, 190
264, 264
299, 299
570, 570
686, 686
851, 851
878, 878
1075, 1075
1094, 12900
1170, 1095
1302, 1302
1497, 1497
1769, 1769
1770, 1770
1771, 1771
1912, 1912
1968, 1968
2059, 2059
2138, 2138
2152, 27250
2365, 2365
2808, 2808
2845, 2845
2847, 2847
2868, 2868
2903, 2903
2933, 2933
2941, 2941
2959, 2959
2994, 2994
3108, 3108
3362, 3362
3402, 3402
3841, 3841
4544, 4544
4613, 4613
5700, 5700
6185, 6185
6205, 6205
6269, 6269
6612, 6612
6687, 6687
6847, 6847
6903, 6903
6907, 2808
6925, 6925
7115, 7115
7217, 7217
7419, 7419
7464, 7464
7522, 7522
7528, 7528
7553, 7553
7557, 7557
7604, 7604
7613, 7613
7632, 7632
7741, 7741
7927, 7927
8231, 8231
8549, 8549
8748, 8748
8941, 8941
9566, 9566
10208, 10208
10238, 10238
10537, 10537
10852, 10852
10947, 10947
11333, 11333
11530, 11530
11592, 11592
11756, 11756
11996, 6833
12900, 12900
13176, 13176
13288, 13288
13297, 13297
13617, 13617
14196, 2005
16118, 16118
16751, 16751
17213, 17213
17672, 17672
18841, 18841
19440, 19440
21586, 21586
23351, 23351
23796, 23796
26066, 26066
26755, 26755
29561, 29561
30623, 30623
33732, 33732
35566, 35566
36555, 3108
38768, 38768
47920, 47920
146, 146
190, 190
264, 264
299, 299
623, 623
686, 686
851, 851
878, 878
1076, 1076
1095, 1170
1170, 1170
1302, 1302
1497, 1497
1769, 1769
1770, 1770
1771, 1771
1912, 1912
2005, 41
2134, 2134
2138, 2138
2189, 1302
2365, 2365
2808, 1076
2845, 2845
2847, 2847
2868, 2868
2903, 2903
2933, 2933
2959, 2959
2967, 2967
2994, 2994
3108, 3108
3362, 3362
3410, 3410
3841, 3841
4544, 4544
4613, 4613
5700, 5700
6185, 6185
6205, 6205
6269, 7363
6612, 6612
6793, 6793
6895, 2808
6906, 6906
6907, 6907
6933, 6933
7115, 7115
7218, 7218
7421, 7421
7464, 7464
7522, 6208
7528, 41
7553, 7553
7557, 7557
7604, 7604
7618, 7618
7632, 7632
7741, 7741
7927, 7927
8231, 8231
8549, 8549
8748, 8748
8941, 8941
9566, 9566
10208, 10208
10271, 10271
10537, 10537
10889, 16751
10947, 10947
11333, 11333
11530, 11530
11592, 11592
11756, 11756
11996, 6833
12900, 12900
13176, 13176
13288, 13288
13355, 13355
13617, 13617
14356, 14356
16118, 16118
16751, 16751
17213, 17213
17793, 17793
18841, 18841
19440, 19440
21586, 21586
23351, 23351
23796, 23796
26066, 26066
26755, 26755
29561, 29561
31068, 31068
33732, 33732
35566, 35566
36660, 36660
41378, 41378
47920, 47920
146, 146
221, 221
264, 264
299, 299
623, 623
686, 686
851, 851
900, 41
1076, 1076
1095, 1095
1170, 1095
1302, 1302
1497, 1497
1769, 1769
1770, 1770
1771, 1771
1912, 1912
2005, 2005
2134, 2134
2138, 2138
2189, 41
2365, 2365
2808, 27250
2845, 2845
2847, 2847
2868, 2868
2903, 41
2933, 2933
2959, 2959
2967, 2967
2994, 2994
3108, 3108
3362, 3362
3410, 41
3841, 3841
4544, 4544
4613, 4613
6169, 6169
6185, 6185
6208, 6208
6290, 6290
6612, 6612
6793, 6793
6895, 6895
6906, 6906
6907, 6907
6933, 10333
7115, 7115
7218, 7218
7421, 7421
7467, 7467
7522, 13355
7529, 7529
7553, 7553
7579, 7579
7604, 7604
7618, 7618
7632, 7632
7741, 7741
7927, 7927
8267, 8267
8549, 8549
8794, 8794
9103, 9103
9566, 9566
10208, 10208
10271, 10271
10557, 41
10889, 10889
10947, 10947
11361, 11361
11530, 11530
11592, 11592
11756, 11756
12043, 12043
12900, 12900
13176, 13176
13288, 13288
13355, 13355
13617, 13617
14356, 14356
16118, 16118
16821, 224
17213, 17213
17793, 17793
18841, 18841
19440, 19440
21699, 21699
23351, 23351
23796, 23796
26208, 41
26998, 26998
29561, 29561
31068, 31068
33732, 33732
35566, 35566
36660, 36660
41378, 41378
49030, 49030
146, 146
221, 221
264, 264
321, 321
623, 623
686, 686
851, 851
900, 41
1076, 1076
1095, 8794
1170, 1170
1302, 1302
1497, 1497
1769, 1769
1770, 1770
1875, 13220
1912, 1912
2005, 14196
2134, 2134
2138, 2138
2191, 2191
2399, 2399
2824, 2824
2845, 2845
2857, 2857
2868, 2868
2932, 2932
2933, 2933
2959, 2959
2971, 2971
3043, 3043
3108, 3108
3362, 3362
3458, 41
3841, 3841
4570, 4570
5210, 5210
6169, 6169
6185, 6185
6208, 6208
6290, 6290
6612, 6612
6793, 6793
6895, 6895
6906, 6906
6907, 6907
6933, 6933
7115, 7115
7218, 7218
7421, 7421
7467, 7467
7522, 224
7529, 7529
7553, 7553
7579, 7579
7604, 7604
7618, 7618
7632, 7632
7788, 7788
7927, 7927
8267, 8267
8549, 8549
8794, 8794
9103, 9103
9566, 9566
10208, 10208
10333, 10333
10557, 41
10889, 10889
11271, 11271
11361, 11361
11530, 2152
11592, 11592
11765, 11765
12043, 12043
12900, 41
13176, 13176
13288, 13288
13583, 13583
13679, 13679
14356, 14356
16118, 16118
16821, 42319
17213, 17213
17793, 17793
18841, 18841
19440, 19440
21699, 21699
23351, 23351
24244, 24244
26208, 26208
26998, 26998
29598, 29598
31068, 31068
33732, 33732
35752, 35752
36697, 36697
41378, 41378
49030, 49030
